"Date","Time","Global_active_power","Global_reactive_power","Voltage","Global_intensity","Sub_metering_1","Sub_metering_2","Sub_metering_3"
2006-12-18,"00:00:00",0.278,0.126,246.17,1.2,0,2,0
2006-12-18,"00:01:00",0.238,0.056,246.4,1,0,0,0
2006-12-18,"00:02:00",0.208,0,246.46,0.8,0,0,0
2006-12-18,"00:03:00",0.206,0,245.94,0.8,0,0,0
2006-12-18,"00:04:00",0.206,0,245.98,0.8,0,0,0
2006-12-18,"00:05:00",0.206,0,245.56,0.8,0,0,0
2006-12-18,"00:06:00",0.6198,0,245.22,0.8,0,0,0
2006-12-18,"00:07:00",0.204,0,244.14,0.8,0,0,0
2006-12-18,"00:08:00",0.60715,0,244,1,0,0,0
2006-12-18,"00:09:00",0.316,0.134,244.62,1.4,0,0,0
2006-12-18,"00:10:00",0.308,0.132,244.61,1.4,0,0,0
2006-12-18,"00:11:00",0.5951,0.134,244.97,1.4,0,0,0
2006-12-18,"00:12:00",0.59105,0.136,245.51,1.4,0,0,0
2006-12-18,"00:13:00",0.306,0.14,246.37,1.4,0,0,0
2006-12-18,"00:14:00",0.306,0.14,246.42,1.4,0,0,0
2006-12-18,"00:15:00",0.302,0.14,246.11,1.4,0,0,0
2006-12-18,"00:16:00",0.57895,0.14,246.32,1.4,0,0,0
2006-12-18,"00:17:00",0.577,0.136,245.61,1.4,0,0,0
2006-12-18,"00:18:00",0.3,0.138,245.86,1.4,0,0,0
2006-12-18,"00:19:00",0.302,0.142,246.73,1.4,0,0,0
2006-12-18,"00:20:00",0.5698,0.136,245.53,1.4,0,0,0
2006-12-18,"00:21:00",0.5664,0.138,244.92,1.6,0,0,0
2006-12-18,"00:22:00",0.376,0.24,244.78,1.8,0,0,0
2006-12-18,"00:23:00",0.56245,0.238,244.49,1.8,0,0,0
2006-12-18,"00:24:00",0.372,0.236,244.02,1.8,0,0,0
2006-12-18,"00:25:00",0.372,0.236,243.92,1.8,0,0,0
2006-12-18,"00:26:00",0.372,0.236,244.04,1.8,0,0,0
2006-12-18,"00:27:00",0.55475,0.234,243.56,1.8,0,0,0
2006-12-18,"00:28:00",0.5529,0.234,243.87,1.8,0,0,0
2006-12-18,"00:29:00",0.366,0.234,243.73,1.8,0,0,0
2006-12-18,"00:30:00",0.5505,0.234,243.6,1.8,0,0,0
2006-12-18,"00:31:00",0.342,0.2,243.19,1.6,0,0,0
2006-12-18,"00:32:00",0.294,0.132,244.16,1.2,0,0,0
2006-12-18,"00:33:00",0.54475,0,244.14,1,0,0,0
2006-12-18,"00:34:00",0.202,0,243.24,0.8,0,0,0
2006-12-18,"00:35:00",0.54085,0,243.47,0.8,0,0,0
2006-12-18,"00:36:00",0.202,0,243.71,0.8,0,0,0
2006-12-18,"00:37:00",0.5373,0,244.17,0.8,0,0,0
2006-12-18,"00:38:00",0.204,0,244.46,0.8,0,0,0
2006-12-18,"00:39:00",0.53375,0,244.92,0.8,0,0,0
2006-12-18,"00:40:00",0.206,0,245.31,0.8,0,0,0
2006-12-18,"00:41:00",0.5311,0,244.02,0.8,0,0,0
2006-12-18,"00:42:00",0.204,0,243.88,0.8,0,0,0
2006-12-18,"00:43:00",0.5309,0,243.94,0.8,0,0,0
2006-12-18,"00:44:00",0.202,0,243.78,0.8,0,0,0
2006-12-18,"00:45:00",0.202,0,243.79,0.8,0,0,0
2006-12-18,"00:46:00",0.53065,0,243.15,0.8,0,0,0
2006-12-18,"00:47:00",0.5306,0,243.79,0.8,0,0,0
2006-12-18,"00:48:00",0.5328,0.1,244.15,1.4,0,0,0
2006-12-18,"00:49:00",0.53265,0.134,245.12,1.4,0,0,0
2006-12-18,"00:50:00",0.53265,0.134,245.27,1.4,0,0,0
2006-12-18,"00:51:00",0.53265,0.136,245.61,1.4,0,0,0
2006-12-18,"00:52:00",0.304,0.132,244.63,1.4,0,0,0
2006-12-18,"00:53:00",0.53245,0.13,244.2,1.4,0,0,0
2006-12-18,"00:54:00",0.3,0.128,243.98,1.4,0,0,0
2006-12-18,"00:55:00",0.296,0.122,242.81,1.2,0,0,0
2006-12-18,"00:56:00",0.532,0.124,242.92,1.2,0,0,0
2006-12-18,"00:57:00",0.5319,0.126,243.36,1.2,0,0,0
2006-12-18,"00:58:00",0.296,0.126,243.64,1.2,0,0,0
2006-12-18,"00:59:00",0.53165,0.13,244.18,1.2,0,0,0
2006-12-18,"01:00:00",0.296,0.13,244.05,1.2,0,0,0
2006-12-18,"01:01:00",0.298,0.132,244.43,1.2,0,0,0
2006-12-18,"01:02:00",0.52915,0.132,244.5,1.2,0,0,0
2006-12-18,"01:03:00",0.324,0.146,243.95,1.6,0,0,0
2006-12-18,"01:04:00",0.5279,0.234,243.72,1.8,0,0,0
2006-12-18,"01:05:00",0.372,0.234,243.74,1.8,0,0,0
2006-12-18,"01:06:00",0.372,0.232,243.46,1.8,0,0,0
2006-12-18,"01:07:00",0.5279,0.226,242.39,1.8,0,0,0
2006-12-18,"01:08:00",0.368,0.226,242.17,1.8,0,0,0
2006-12-18,"01:09:00",0.52795,0.23,242.92,1.8,0,0,0
2006-12-18,"01:10:00",0.5275,0.202,243.36,1.6,0,0,0
2006-12-18,"01:11:00",0.276,0.096,243.61,1.2,0,0,0
2006-12-18,"01:12:00",0.274,0.096,243.19,1.2,0,0,0
2006-12-18,"01:13:00",0.52525,0,242.83,1,0,0,0
2006-12-18,"01:14:00",0.5275,0.094,243.06,1.4,0,0,0
2006-12-18,"01:15:00",0.292,0.112,242.82,1.2,0,2,0
2006-12-18,"01:16:00",0.292,0.112,242.98,1.2,0,1,0
2006-12-18,"01:17:00",0.294,0.116,243.98,1.2,0,2,0
2006-12-18,"01:18:00",0.292,0.116,243.65,1.2,0,1,0
2006-12-18,"01:19:00",0.29,0.114,243.23,1.2,0,2,0
2006-12-18,"01:20:00",0.5407,0.114,243.4,1.2,0,1,0
2006-12-18,"01:21:00",0.288,0.114,243.1,1.2,0,2,0
2006-12-18,"01:22:00",0.54485,0.112,242.85,1.2,0,1,0
2006-12-18,"01:23:00",0.54695,0.114,243.32,1.2,0,2,0
2006-12-18,"01:24:00",0.549,0.112,243.11,1.2,0,1,0
2006-12-18,"01:25:00",0.282,0.11,242.32,1.2,0,1,0
2006-12-18,"01:26:00",0.5559,0.246,242.31,2,0,2,0
2006-12-18,"01:27:00",0.5604,0.244,241.97,1.8,0,1,0
2006-12-18,"01:28:00",0.38,0.246,242.51,1.8,0,1,0
2006-12-18,"01:29:00",0.376,0.246,242.4,1.8,0,1,0
2006-12-18,"01:30:00",0.374,0.246,242.29,1.8,0,2,0
2006-12-18,"01:31:00",0.372,0.246,242.21,1.8,0,1,0
2006-12-18,"01:32:00",0.372,0.25,242.9,1.8,0,1,0
2006-12-18,"01:33:00",0.5708,0.25,242.87,1.8,0,1,0
2006-12-18,"01:34:00",0.37,0.252,243.57,1.8,0,2,0
2006-12-18,"01:35:00",0.37,0.256,244.26,1.8,0,1,0
2006-12-18,"01:36:00",0.57625,0.258,244.38,1.8,0,1,0
2006-12-18,"01:37:00",0.37,0.256,244,1.8,0,1,0
2006-12-18,"01:38:00",0.5799,0.256,244.24,1.8,0,1,0
2006-12-18,"01:39:00",0.5817,0.256,244.12,1.8,0,2,0
2006-12-18,"01:40:00",0.368,0.254,244.02,1.8,0,1,0
2006-12-18,"01:41:00",0.58425,0.184,244.45,1.6,0,0,0
2006-12-18,"01:42:00",0.298,0.134,244.82,1.4,0,0,0
2006-12-18,"01:43:00",0.58355,0.132,244.34,1.2,0,0,0
2006-12-18,"01:44:00",0.296,0.13,243.95,1.2,0,0,0
2006-12-18,"01:45:00",0.5797,0.124,242.93,1.2,0,0,0
2006-12-18,"01:46:00",0.374,0.21,242.44,1.8,0,0,0
2006-12-18,"01:47:00",0.28,0.094,242.84,1.2,0,0,0
2006-12-18,"01:48:00",0.57535,0.096,243.36,1.2,0,0,0
2006-12-18,"01:49:00",0.5732,0.098,244.19,1.2,0,0,0
2006-12-18,"01:50:00",0.57155,0.1,244.63,1.2,0,0,0
2006-12-18,"01:51:00",0.28,0.1,244.85,1.2,0,0,0
2006-12-18,"01:52:00",0.28,0.102,244.91,1.2,0,0,0
2006-12-18,"01:53:00",0.57305,0.096,243.6,1.2,0,0,0
2006-12-18,"01:54:00",0.57265,0.096,243.61,1.2,0,0,0
2006-12-18,"01:55:00",0.218,0,244.18,1,0,0,0
2006-12-18,"01:56:00",0.5686,0,243.93,0.8,0,0,0
2006-12-18,"01:57:00",0.56635,0,244.55,0.8,0,0,0
2006-12-18,"01:58:00",0.206,0,244.85,0.8,0,0,0
2006-12-18,"01:59:00",0.56215,0,244.54,0.8,0,0,0
2006-12-18,"02:00:00",0.56015,0,244.2,0.8,0,0,0
2006-12-18,"02:01:00",0.21,0,245.21,0.8,0,0,0
2006-12-18,"02:02:00",0.278,0.07,245.48,1.2,0,0,0
2006-12-18,"02:03:00",0.5587,0.132,244.47,1.4,0,0,0
2006-12-18,"02:04:00",0.312,0.138,245.83,1.4,0,0,0
2006-12-18,"02:05:00",0.56015,0.142,246.78,1.4,0,0,0
2006-12-18,"02:06:00",0.558,0.146,247.33,1.4,0,0,0
2006-12-18,"02:07:00",0.55625,0.15,247.97,1.4,0,0,0
2006-12-18,"02:08:00",0.312,0.15,248.05,1.4,0,0,0
2006-12-18,"02:09:00",0.5529,0.15,248.08,1.4,0,0,0
2006-12-18,"02:10:00",0.308,0.15,248.07,1.4,0,0,0
2006-12-18,"02:11:00",0.304,0.142,246.45,1.4,0,0,0
2006-12-18,"02:12:00",0.54785,0.142,246.49,1.4,0,0,0
2006-12-18,"02:13:00",0.304,0.144,246.88,1.4,0,0,0
2006-12-18,"02:14:00",0.302,0.142,246.46,1.4,0,0,0
2006-12-18,"02:15:00",0.302,0.144,246.8,1.4,0,0,0
2006-12-18,"02:16:00",0.54115,0.144,247.15,1.4,0,0,0
2006-12-18,"02:17:00",0.5395,0.146,247.51,1.4,0,0,0
2006-12-18,"02:18:00",0.5379,0.144,247.19,1.4,0,0,0
2006-12-18,"02:19:00",0.5363,0.146,247.18,1.4,0,0,0
2006-12-18,"02:20:00",0.302,0.144,246.97,1.4,0,0,0
2006-12-18,"02:21:00",0.534,0.14,246.31,1.4,0,0,0
2006-12-18,"02:22:00",0.24,0.048,246.56,1,0,0,0
2006-12-18,"02:23:00",0.21,0,246.98,0.8,0,0,0
2006-12-18,"02:24:00",0.52825,0,247.03,0.8,0,0,0
2006-12-18,"02:25:00",0.52615,0,247.48,0.8,0,0,0
2006-12-18,"02:26:00",0.5221,0,247.91,0.8,0,0,0
2006-12-18,"02:27:00",0.212,0,247.9,0.8,0,0,0
2006-12-18,"02:28:00",0.521,0.112,247.44,1.4,0,0,0
2006-12-18,"02:29:00",0.5211,0.11,246.95,1.2,0,0,0
2006-12-18,"02:30:00",0.286,0.106,245.8,1.2,0,0,0
2006-12-18,"02:31:00",0.284,0.102,245.24,1.2,0,0,0
2006-12-18,"02:32:00",0.5214,0.106,246.04,1.2,0,0,0
2006-12-18,"02:33:00",0.52155,0.104,245.52,1.2,0,0,0
2006-12-18,"02:34:00",0.282,0.104,245.72,1.2,0,0,0
2006-12-18,"02:35:00",0.52325,0.106,246.03,1.2,0,0,0
2006-12-18,"02:36:00",0.26,0.076,246.11,1.2,0,0,0
2006-12-18,"02:37:00",0.208,0,245.72,0.8,0,0,0
2006-12-18,"02:38:00",0.5262,0.056,245.9,1.2,0,0,0
2006-12-18,"02:39:00",0.318,0.14,246.58,1.4,0,0,0
2006-12-18,"02:40:00",0.5315,0.138,245.93,1.4,0,0,0
2006-12-18,"02:41:00",0.31,0.138,246.03,1.4,0,0,0
2006-12-18,"02:42:00",0.308,0.138,245.98,1.4,0,0,0
2006-12-18,"02:43:00",0.308,0.142,246.78,1.4,0,0,0
2006-12-18,"02:44:00",0.308,0.144,247.17,1.4,0,0,0
2006-12-18,"02:45:00",0.5344,0.146,247.52,1.4,0,0,0
2006-12-18,"02:46:00",0.5343,0.15,248.27,1.4,0,0,0
2006-12-18,"02:47:00",0.5342,0.148,247.91,1.4,0,0,0
2006-12-18,"02:48:00",0.534,0.144,247.22,1.4,0,0,0
2006-12-18,"02:49:00",0.306,0.146,247.54,1.4,0,0,0
2006-12-18,"02:50:00",0.53385,0.146,247.46,1.4,0,0,0
2006-12-18,"02:51:00",0.304,0.148,247.61,1.4,0,0,0
2006-12-18,"02:52:00",0.5339,0.15,248.07,1.4,0,0,0
2006-12-18,"02:53:00",0.306,0.15,248.31,1.4,0,0,0
2006-12-18,"02:54:00",0.534,0.146,247.73,1.4,0,0,0
2006-12-18,"02:55:00",0.304,0.148,247.81,1.4,0,0,0
2006-12-18,"02:56:00",0.304,0.148,247.81,1.4,0,0,0
2006-12-18,"02:57:00",0.53325,0.098,247.95,1.2,0,0,0
2006-12-18,"02:58:00",0.212,0,248.48,0.8,0,0,0
2006-12-18,"02:59:00",0.212,0,248.11,0.8,0,0,0
2006-12-18,"03:00:00",0.21,0,247.42,0.8,0,0,0
2006-12-18,"03:01:00",0.524,0,246.17,0.8,0,0,0
2006-12-18,"03:02:00",0.282,0.084,246.17,1.4,0,0,0
2006-12-18,"03:03:00",0.5272,0.124,245.83,1.2,0,2,0
2006-12-18,"03:04:00",0.52935,0.126,246.05,1.2,0,1,0
2006-12-18,"03:05:00",0.296,0.124,245.59,1.2,0,2,0
2006-12-18,"03:06:00",0.296,0.124,245.94,1.2,0,1,0
2006-12-18,"03:07:00",0.5357,0.126,246.21,1.2,0,2,0
2006-12-18,"03:08:00",0.5355,0.126,246.18,1.2,0,1,0
2006-12-18,"03:09:00",0.53575,0.126,246.23,1.2,0,1,0
2006-12-18,"03:10:00",0.368,0.206,246.1,1.8,0,2,0
2006-12-18,"03:11:00",0.366,0.228,245.07,1.8,0,1,0
2006-12-18,"03:12:00",0.54195,0.232,245.73,1.8,0,2,0
2006-12-18,"03:13:00",0.368,0.234,246.31,1.8,0,1,0
2006-12-18,"03:14:00",0.5488,0.356,246.2,2.4,0,1,0
2006-12-18,"03:15:00",0.55355,0.376,246.11,2.4,0,2,0
2006-12-18,"03:16:00",0.55865,0.378,246.38,2.4,0,1,0
2006-12-18,"03:17:00",0.458,0.37,245.38,2.4,0,1,0
2006-12-18,"03:18:00",0.5695,0.358,244.59,2.2,0,2,0
2006-12-18,"03:19:00",0.378,0.254,243.95,1.8,0,1,0
2006-12-18,"03:20:00",0.376,0.256,244.31,1.8,0,1,0
2006-12-18,"03:21:00",0.378,0.26,245.13,1.8,0,1,0
2006-12-18,"03:22:00",0.378,0.266,245.92,1.8,0,2,0
2006-12-18,"03:23:00",0.378,0.27,246.58,1.8,0,1,0
2006-12-18,"03:24:00",0.38,0.276,247.49,1.8,0,1,0
2006-12-18,"03:25:00",0.378,0.274,247.27,1.8,0,1,0
2006-12-18,"03:26:00",0.58305,0.27,246.61,1.8,0,2,0
2006-12-18,"03:27:00",0.372,0.264,246.12,1.8,0,1,0
2006-12-18,"03:28:00",0.3,0.136,245.78,1.4,0,0,0
2006-12-18,"03:29:00",0.3,0.136,245.51,1.4,0,0,0
2006-12-18,"03:30:00",0.298,0.134,245.05,1.4,0,0,0
2006-12-18,"03:31:00",0.58405,0.132,244.66,1.2,0,0,0
2006-12-18,"03:32:00",0.248,0.056,244.84,1,0,0,0
2006-12-18,"03:33:00",0.5801,0,245.06,0.8,0,0,0
2006-12-18,"03:34:00",0.57765,0,245.08,0.8,0,0,0
2006-12-18,"03:35:00",0.208,0,245.63,0.8,0,0,0
2006-12-18,"03:36:00",0.206,0,245.39,0.8,0,0,0
2006-12-18,"03:37:00",0.57115,0,245.18,0.8,0,0,0
2006-12-18,"03:38:00",0.208,0,245.54,0.8,0,0,0
2006-12-18,"03:39:00",0.208,0,245.73,0.8,0,0,0
2006-12-18,"03:40:00",0.208,0,246.21,0.8,0,0,0
2006-12-18,"03:41:00",0.21,0,246.72,0.8,0,0,0
2006-12-18,"03:42:00",0.56915,0,247.08,0.8,0,0,0
2006-12-18,"03:43:00",0.208,0,246.23,0.8,0,0,0
2006-12-18,"03:44:00",0.56475,0,245.74,0.8,0,0,0
2006-12-18,"03:45:00",0.204,0,244.17,0.8,0,0,0
2006-12-18,"03:46:00",0.5602,0,244.82,0.8,0,0,0
2006-12-18,"03:47:00",0.55795,0,244.74,0.8,0,0,0
2006-12-18,"03:48:00",0.206,0,245.04,0.8,0,0,0
2006-12-18,"03:49:00",0.302,0.104,245.69,1.4,0,0,0
2006-12-18,"03:50:00",0.55455,0.138,246.18,1.4,0,0,0
2006-12-18,"03:51:00",0.31,0.136,245.85,1.4,0,0,0
2006-12-18,"03:52:00",0.5517,0.138,246.37,1.4,0,0,0
2006-12-18,"03:53:00",0.376,0.208,245.96,1.8,0,0,0
2006-12-18,"03:54:00",0.54975,0.246,245.92,1.8,0,0,0
2006-12-18,"03:55:00",0.54755,0.242,245.25,1.8,0,0,0
2006-12-18,"03:56:00",0.5455,0.246,245.73,1.8,0,0,0
2006-12-18,"03:57:00",0.378,0.242,245.14,1.8,0,0,0
2006-12-18,"03:58:00",0.5417,0.24,245.09,1.8,0,0,0
2006-12-18,"03:59:00",0.54165,0.244,245.49,1.8,0,0,0
2006-12-18,"04:00:00",0.378,0.248,246.08,1.8,0,0,0
2006-12-18,"04:01:00",0.54185,0.25,246.45,1.8,0,0,0
2006-12-18,"04:02:00",0.5403,0.158,245.62,1.4,0,0,0
2006-12-18,"04:03:00",0.5384,0.136,245.58,1.4,0,0,0
2006-12-18,"04:04:00",0.5364,0.132,244.68,1.4,0,0,0
2006-12-18,"04:05:00",0.3,0.136,245.33,1.4,0,0,0
2006-12-18,"04:06:00",0.53185,0.094,245.9,1.2,0,0,0
2006-12-18,"04:07:00",0.5278,0,246.18,0.8,0,0,0
2006-12-18,"04:08:00",0.21,0,246.71,0.8,0,0,0
2006-12-18,"04:09:00",0.5233,0,246.92,0.8,0,0,0
2006-12-18,"04:10:00",0.5211,0,247.02,0.8,0,0,0
2006-12-18,"04:11:00",0.5189,0,246.47,0.8,0,0,0
2006-12-18,"04:12:00",0.51795,0,247.11,0.8,0,0,0
2006-12-18,"04:13:00",0.5181,0,247.42,0.8,0,0,0
2006-12-18,"04:14:00",0.5182,0,246.93,0.8,0,0,0
2006-12-18,"04:15:00",0.21,0,247.07,0.8,0,0,0
2006-12-18,"04:16:00",0.24,0,247.4,1.2,0,0,0
2006-12-18,"04:17:00",1.368,0,245.36,5.6,0,0,17
2006-12-18,"04:18:00",1.358,0,245.95,5.4,0,0,20
2006-12-18,"04:19:00",0.60525,0,245.76,5.4,0,0,18
2006-12-18,"04:20:00",0.6332,0,245.13,5.4,0,0,19
2006-12-18,"04:21:00",1.312,0,244.27,5.2,0,0,18
2006-12-18,"04:22:00",1.306,0,243.88,5.2,0,0,19
2006-12-18,"04:23:00",0.71675,0,243.77,5.6,0,0,18
2006-12-18,"04:24:00",0.7468,0.118,243.9,5.8,0,0,18
2006-12-18,"04:25:00",1.422,0.124,245.48,5.8,0,0,19
2006-12-18,"04:26:00",1.418,0.124,245.26,5.8,0,0,18
2006-12-18,"04:27:00",1.422,0.118,244.05,5.8,0,0,18
2006-12-18,"04:28:00",0.8684,0.12,244.25,5.8,0,0,19
2006-12-18,"04:29:00",1.408,0.118,244.17,5.8,0,0,18
2006-12-18,"04:30:00",1.398,0.118,244.06,5.6,0,0,18
2006-12-18,"04:31:00",1.398,0.12,244.27,5.6,0,0,18
2006-12-18,"04:32:00",0.97785,0.126,245.52,5.6,0,0,19
2006-12-18,"04:33:00",1.0034,0.12,244.37,5.6,0,0,18
2006-12-18,"04:34:00",1.02855,0.116,243.64,5.6,0,0,18
2006-12-18,"04:35:00",1.392,0.118,243.9,5.6,0,0,18
2006-12-18,"04:36:00",1.394,0.118,244.05,5.6,0,0,19
2006-12-18,"04:37:00",1.472,0.204,244.33,6,0,0,18
2006-12-18,"04:38:00",1.486,0.234,245.6,6,0,0,18
2006-12-18,"04:39:00",1.16185,0.232,245.18,6,0,0,19
2006-12-18,"04:40:00",1.1875,0.116,245.21,5.6,0,0,18
2006-12-18,"04:41:00",1.394,0.092,245.61,5.6,0,0,19
2006-12-18,"04:42:00",1.2397,0.094,245.79,5.6,0,0,18
2006-12-18,"04:43:00",1.382,0.09,244.78,5.6,0,0,18
2006-12-18,"04:44:00",1.2936,0.088,244.33,5.6,0,0,19
2006-12-18,"04:45:00",1.366,0.08,243.99,5.6,0,0,18
2006-12-18,"04:46:00",1.306,0,244.48,5.2,0,0,18
2006-12-18,"04:47:00",1.3734,0,244.16,5.2,0,0,18
2006-12-18,"04:48:00",1.304,0,244.3,5.2,0,0,19
2006-12-18,"04:49:00",1.308,0,244.65,5.2,0,0,18
2006-12-18,"04:50:00",1.316,0,245.41,5.2,0,0,18
2006-12-18,"04:51:00",1.328,0,246.5,5.4,0,0,19
2006-12-18,"04:52:00",1.334,0,247.07,5.4,0,0,19
2006-12-18,"04:53:00",1.53985,0,246.81,5.4,0,0,18
2006-12-18,"04:54:00",1.5679,0,247,5.4,0,0,19
2006-12-18,"04:55:00",1.334,0,247.16,5.4,0,0,18
2006-12-18,"04:56:00",1.62525,0.086,246.76,5.6,0,0,19
2006-12-18,"04:57:00",1.382,0.224,246.92,5.8,0,1,18
2006-12-18,"04:58:00",0.404,0.276,247.6,2,0,2,0
2006-12-18,"04:59:00",1.5782,0.272,246.87,2,0,1,0
2006-12-18,"05:00:00",0.396,0.266,245.82,1.8,0,1,0
2006-12-18,"05:01:00",0.394,0.268,246.04,1.8,0,2,0
2006-12-18,"05:02:00",0.39,0.26,244.86,1.8,0,1,0
2006-12-18,"05:03:00",0.388,0.258,244.56,1.8,0,2,0
2006-12-18,"05:04:00",0.388,0.258,244.59,1.8,0,1,0
2006-12-18,"05:05:00",0.386,0.26,244.78,1.8,0,2,0
2006-12-18,"05:06:00",0.384,0.26,244.75,1.8,0,1,0
2006-12-18,"05:07:00",1.3817,0.258,244.43,1.8,0,1,0
2006-12-18,"05:08:00",0.382,0.258,244.58,1.8,0,2,0
2006-12-18,"05:09:00",1.32995,0.264,245.3,1.8,0,1,0
2006-12-18,"05:10:00",0.378,0.262,245,1.8,0,1,0
2006-12-18,"05:11:00",0.374,0.252,243.49,1.8,0,2,0
2006-12-18,"05:12:00",1.2529,0.258,244.27,1.8,0,1,0
2006-12-18,"05:13:00",1.22555,0.152,243.76,1.4,0,1,0
2006-12-18,"05:14:00",0.282,0.118,244.44,1.2,0,1,0
2006-12-18,"05:15:00",1.1701,0.12,244.85,1.2,0,2,0
2006-12-18,"05:16:00",1.1423,0.122,245.53,1.2,0,1,0
2006-12-18,"05:17:00",0.282,0.124,245.68,1.2,0,1,0
2006-12-18,"05:18:00",0.28,0.122,245.23,1.2,0,1,0
2006-12-18,"05:19:00",0.278,0.116,243.95,1.2,0,2,0
2006-12-18,"05:20:00",1.02425,0.116,243.7,1.2,0,1,0
2006-12-18,"05:21:00",0.286,0.074,243.42,1.4,0,0,0
2006-12-18,"05:22:00",0.288,0.1,244.22,1.2,0,0,0
2006-12-18,"05:23:00",0.288,0.098,244.09,1.2,0,0,0
2006-12-18,"05:24:00",0.9142,0.1,244.58,1.2,0,0,0
2006-12-18,"05:25:00",0.284,0.104,245.17,1.2,0,0,0
2006-12-18,"05:26:00",0.282,0.104,245.39,1.2,0,0,0
2006-12-18,"05:27:00",0.8361,0.112,247.09,1.2,0,0,0
2006-12-18,"05:28:00",0.8106,0.114,247.59,1.2,0,0,0
2006-12-18,"05:29:00",0.78405,0.056,245.88,1,0,0,0
2006-12-18,"05:30:00",0.75765,0.05,245.44,1.2,0,0,0
2006-12-18,"05:31:00",0.73235,0.134,245.29,1.4,0,0,0
2006-12-18,"05:32:00",0.31,0.136,245.41,1.4,0,0,0
2006-12-18,"05:33:00",0.68125,0.138,245.85,1.4,0,0,0
2006-12-18,"05:34:00",0.65565,0.138,245.84,1.4,0,0,0
2006-12-18,"05:35:00",0.63015,0.142,246.43,1.4,0,0,0
2006-12-18,"05:36:00",0.60275,0.138,245.76,1.4,0,0,0
2006-12-18,"05:37:00",0.31,0.132,244.55,1.4,0,0,0
2006-12-18,"05:38:00",0.5735,0.128,243.7,1.4,0,0,0
2006-12-18,"05:39:00",0.57115,0.13,244.3,1.4,0,0,0
2006-12-18,"05:40:00",0.304,0.13,244,1.4,0,0,0
2006-12-18,"05:41:00",0.56655,0.132,244.59,1.4,0,0,0
2006-12-18,"05:42:00",0.298,0.134,245.24,1.4,0,0,0
2006-12-18,"05:43:00",0.3,0.138,245.86,1.4,0,0,0
2006-12-18,"05:44:00",0.302,0.142,246.37,1.4,0,0,0
2006-12-18,"05:45:00",0.3,0.14,246.02,1.4,0,0,0
2006-12-18,"05:46:00",0.218,0,246.18,1,0,0,0
2006-12-18,"05:47:00",0.208,0,245.99,0.8,0,0,0
2006-12-18,"05:48:00",0.208,0,246.08,0.8,0,0,0
2006-12-18,"05:49:00",0.54055,0,245.83,0.8,0,0,0
2006-12-18,"05:50:00",0.53645,0,246.08,0.8,0,0,0
2006-12-18,"05:51:00",0.214,0,245.6,0.8,0,0,0
2006-12-18,"05:52:00",0.52845,0,246.07,0.8,0,0,0
2006-12-18,"05:53:00",0.214,0,246.28,0.8,0,0,0
2006-12-18,"05:54:00",0.212,0,245.68,0.8,0,0,0
2006-12-18,"05:55:00",0.5227,0,245.78,0.8,0,0,0
2006-12-18,"05:56:00",0.212,0,245.79,0.8,0,0,0
2006-12-18,"05:57:00",0.212,0,245.7,0.8,0,0,0
2006-12-18,"05:58:00",0.206,0,245.99,0.8,0,0,0
2006-12-18,"05:59:00",0.5156,0,246.45,0.8,0,0,0
2006-12-18,"06:00:00",0.5139,0,246.56,0.8,0,0,0
2006-12-18,"06:01:00",0.214,0,247.17,0.8,0,0,0
2006-12-18,"06:02:00",0.216,0,247.67,0.8,0,0,0
2006-12-18,"06:03:00",0.246,0,246.92,1.2,0,0,0
2006-12-18,"06:04:00",0.322,0.14,246.17,1.4,0,0,0
2006-12-18,"06:05:00",0.5125,0.192,245.17,1.8,0,0,0
2006-12-18,"06:06:00",0.39,0.242,244.86,1.8,0,0,0
2006-12-18,"06:07:00",0.51785,0.242,244.85,1.8,0,0,0
2006-12-18,"06:08:00",0.52045,0.244,245.15,1.8,0,0,0
2006-12-18,"06:09:00",0.388,0.246,245.53,1.8,0,0,0
2006-12-18,"06:10:00",0.52715,0.25,246.33,1.8,0,0,0
2006-12-18,"06:11:00",0.5288,0.246,245.78,1.8,0,0,0
2006-12-18,"06:12:00",0.53055,0.244,245.4,1.8,0,0,0
2006-12-18,"06:13:00",0.378,0.244,245.41,1.8,0,0,0
2006-12-18,"06:14:00",0.53225,0.14,245.46,1.4,0,0,0
2006-12-18,"06:15:00",0.532,0.134,245.14,1.4,0,0,0
2006-12-18,"06:16:00",0.306,0.136,245.7,1.4,0,0,0
2006-12-18,"06:17:00",0.304,0.134,245.11,1.4,0,0,0
2006-12-18,"06:18:00",0.5315,0.124,245.34,1.4,0,0,0
2006-12-18,"06:19:00",0.216,0,246.05,0.8,0,0,0
2006-12-18,"06:20:00",0.216,0,246.59,0.8,0,0,0
2006-12-18,"06:21:00",0.216,0,246.85,0.8,0,0,0
2006-12-18,"06:22:00",0.5228,0,246.52,0.8,0,0,0
2006-12-18,"06:23:00",0.216,0,247.59,0.8,0,0,0
2006-12-18,"06:24:00",0.218,0,248.32,0.8,0,0,0
2006-12-18,"06:25:00",0.51645,0,247.43,0.8,0,0,0
2006-12-18,"06:26:00",0.214,0,247.16,0.8,0,0,0
2006-12-18,"06:27:00",0.5165,0,246.9,0.8,0,0,0
2006-12-18,"06:28:00",0.51655,0,246.21,0.8,0,0,0
2006-12-18,"06:29:00",0.21,0,245.18,0.8,0,0,0
2006-12-18,"06:30:00",0.51655,0,245.36,0.8,0,0,0
2006-12-18,"06:31:00",0.212,0,246.43,0.8,0,0,0
2006-12-18,"06:32:00",0.21,0,245.72,0.8,0,0,0
2006-12-18,"06:33:00",0.5163,0,246.26,0.8,0,0,0
2006-12-18,"06:34:00",0.51625,0,245.63,0.8,0,0,0
2006-12-18,"06:35:00",0.51625,0,246.27,0.8,0,0,0
2006-12-18,"06:36:00",0.24,0,246.31,1.2,0,0,0
2006-12-18,"06:37:00",0.5196,0.132,244.92,1.4,0,0,0
2006-12-18,"06:38:00",0.5223,0.132,244.95,1.4,0,0,0
2006-12-18,"06:39:00",0.312,0.132,244.87,1.4,0,0,0
2006-12-18,"06:40:00",0.5273,0.132,244.65,1.4,0,0,0
2006-12-18,"06:41:00",0.31,0.136,245.75,1.4,0,0,0
2006-12-18,"06:42:00",0.31,0.14,246.27,1.4,0,0,0
2006-12-18,"06:43:00",0.308,0.138,245.93,1.4,0,0,0
2006-12-18,"06:44:00",0.5335,0.154,245.99,1.4,0,0,0
2006-12-18,"06:45:00",0.5332,0.164,245.46,1.6,0,0,0
2006-12-18,"06:46:00",0.538,0.162,245.78,2.2,0,0,0
2006-12-18,"06:47:00",3.408,0.122,242.19,14.4,0,0,0
2006-12-18,"06:48:00",4.816,0.104,240.36,20,0,0,0
2006-12-18,"06:49:00",1.962,0.146,244.27,8.8,0,0,0
2006-12-18,"06:50:00",1.714,0.252,245.05,7,0,0,0
2006-12-18,"06:51:00",1.684,0.234,244.49,6.8,0,0,0
2006-12-18,"06:52:00",1.226,0.114,245.01,5.2,0,0,0
2006-12-18,"06:53:00",0.89435,0.136,244.21,9.4,0,0,0
2006-12-18,"06:54:00",2.782,0.14,243.41,11.6,0,0,0
2006-12-18,"06:55:00",0.97065,0.128,246.35,4,0,0,0
2006-12-18,"06:56:00",0.9779,0.26,246.1,2.6,0,0,0
2006-12-18,"06:57:00",0.98495,0.266,246.65,2.6,0,2,0
2006-12-18,"06:58:00",0.618,0.274,246.95,2.6,0,1,0
2006-12-18,"06:59:00",0.694,0.218,246.15,3,0,2,0
2006-12-18,"07:00:00",0.684,0.156,245.95,2.8,0,1,0
2006-12-18,"07:01:00",1.0281,0.152,245.05,2.8,0,1,0
2006-12-18,"07:02:00",0.68,0.152,244.85,2.8,0,2,0
2006-12-18,"07:03:00",1.05105,0.146,243.65,2.8,0,1,0
2006-12-18,"07:04:00",1.06225,0.144,243.44,2.8,0,2,0
2006-12-18,"07:05:00",1.07365,0.146,243.85,2.8,0,1,0
2006-12-18,"07:06:00",1.08505,0.148,243.73,2.8,0,1,0
2006-12-18,"07:07:00",0.672,0.148,244.25,2.8,0,2,0
2006-12-18,"07:08:00",0.682,0.162,243.77,2.8,0,1,0
2006-12-18,"07:09:00",1.12095,0.19,243.41,3,0,2,0
2006-12-18,"07:10:00",1.13525,0.3,242.71,3.4,0,1,0
2006-12-18,"07:11:00",1.15065,0.3,242.96,3.6,0,1,0
2006-12-18,"07:12:00",1.16655,0.302,243.19,3.6,0,1,0
2006-12-18,"07:13:00",1.1821,0.294,241.97,3.6,0,2,0
2006-12-18,"07:14:00",0.826,0.288,241.01,3.6,0,1,0
2006-12-18,"07:15:00",1.213,0.296,242.32,3.6,0,1,0
2006-12-18,"07:16:00",0.83,0.298,242.57,3.6,0,1,0
2006-12-18,"07:17:00",0.838,0.296,242.56,3.6,0,2,0
2006-12-18,"07:18:00",1.25415,0.286,243.24,3.6,0,1,0
2006-12-18,"07:19:00",0.872,0.284,243.94,3.8,0,1,0
2006-12-18,"07:20:00",1.31665,0.21,242.34,9.4,0,1,0
2006-12-18,"07:21:00",1.38245,0.158,241.21,12.4,0,0,8
2006-12-18,"07:22:00",3.41,0.15,240.21,14.2,0,0,18
2006-12-18,"07:23:00",1.53905,0.148,239.75,14.4,0,0,18
2006-12-18,"07:24:00",3.466,0.148,239.82,14.4,0,0,18
2006-12-18,"07:25:00",3.386,0,240.16,14,0,0,18
2006-12-18,"07:26:00",3.33,0,239.38,13.8,0,0,18
2006-12-18,"07:27:00",3.348,0,240.78,13.8,0,0,18
2006-12-18,"07:28:00",3.31,0,240.92,13.6,0,0,17
2006-12-18,"07:29:00",1.75795,0,239.63,13.8,0,0,18
2006-12-18,"07:30:00",3.398,0,241.47,14,0,0,18
2006-12-18,"07:31:00",3.412,0,241.05,14,0,0,18
2006-12-18,"07:32:00",1.8987,0,240.77,14.2,0,0,18
2006-12-18,"07:33:00",1.93415,0,241.21,14.8,0,0,17
2006-12-18,"07:34:00",3.75,0.074,241.79,15.4,0,0,18
2006-12-18,"07:35:00",3.836,0.114,241.52,15.8,0,0,18
2006-12-18,"07:36:00",2.1121,0.116,241.88,15.6,0,0,18
2006-12-18,"07:37:00",3.984,0.112,241.41,16.4,0,0,18
2006-12-18,"07:38:00",2.2814,0.114,241.44,16.4,0,0,18
2006-12-18,"07:39:00",2.363,0.11,240.67,16.4,0,0,18
2006-12-18,"07:40:00",2.4451,0.112,241.03,16.4,0,0,17
2006-12-18,"07:41:00",2.52725,0.108,240.36,16.4,0,0,18
2006-12-18,"07:42:00",3.918,0.104,238.87,16.4,0,0,18
2006-12-18,"07:43:00",2.6886,0.174,239.44,16.2,0,0,17
2006-12-18,"07:44:00",5.166,0.174,237.5,21.8,0,0,17
2006-12-18,"07:45:00",3.65405,0.2,238.36,20.6,0,0,18
2006-12-18,"07:46:00",2.676,0.204,241.01,11,0,0,18
2006-12-18,"07:47:00",2.61,0.204,240.62,10.8,0,0,17
2006-12-18,"07:48:00",3.096,0.194,239.1,13.2,0,0,18
2006-12-18,"07:49:00",3.1424,0.202,238.59,16.2,0,0,17
2006-12-18,"07:50:00",3.476,0.312,238.49,15.2,0,0,18
2006-12-18,"07:51:00",2.17,0.176,239.21,9,0,0,17
2006-12-18,"07:52:00",3.2802,0.164,239.91,9.6,0,0,18
2006-12-18,"07:53:00",3.31465,0.11,238.45,9.2,0,0,17
2006-12-18,"07:54:00",2.428,0.082,236.47,10.2,0,0,17
2006-12-18,"07:55:00",3.3972,0.114,235.78,10.6,0,0,18
2006-12-18,"07:56:00",2.226,0.1,236.06,9.4,1,0,17
2006-12-18,"07:57:00",2.262,0.108,237.62,9.4,1,0,17
2006-12-18,"07:58:00",2.676,0.242,237.52,11.2,2,0,17
2006-12-18,"07:59:00",2.242,0.154,237.52,9.4,1,0,17
2006-12-18,"08:00:00",3.54455,0.152,238.59,8.8,1,0,18
2006-12-18,"08:01:00",1.97,0.152,238.92,8.2,1,0,17
2006-12-18,"08:02:00",1.592,0.148,238.87,6.6,1,0,18
2006-12-18,"08:03:00",1.522,0,239.02,6.4,2,0,17
2006-12-18,"08:04:00",1.508,0,240.39,6.2,1,0,18
2006-12-18,"08:05:00",3.3263,0,239.82,5.6,1,0,18
2006-12-18,"08:06:00",1.33,0,239.69,5.4,1,0,17
2006-12-18,"08:07:00",1.322,0,239.21,5.4,1,0,18
2006-12-18,"08:08:00",2.918,0,237.35,13,26,0,17
2006-12-18,"08:09:00",3.22015,0.048,236.29,14.6,38,0,17
2006-12-18,"08:10:00",3.2232,0.046,237.24,14.8,38,0,17
2006-12-18,"08:11:00",3.492,0.046,236.36,14.6,38,0,18
2006-12-18,"08:12:00",3.516,0.046,237.25,14.8,38,0,17
2006-12-18,"08:13:00",3.22475,0.046,237.1,14.8,38,0,17
2006-12-18,"08:14:00",3.21815,0.048,236.6,14.6,37,0,17
2006-12-18,"08:15:00",3.2102,0,236.96,14.8,38,0,17
2006-12-18,"08:16:00",3.2065,0.098,237.8,15.2,38,0,18
2006-12-18,"08:17:00",3.1985,0.18,236.41,15.4,38,0,17
2006-12-18,"08:18:00",3.628,0.174,235.32,15.4,37,0,17
2006-12-18,"08:19:00",3.18155,0.178,236.03,15.4,37,0,17
2006-12-18,"08:20:00",3.173,0.176,235.87,15.4,38,0,17
2006-12-18,"08:21:00",1.866,0.194,237.26,8.6,9,0,17
2006-12-18,"08:22:00",3.0595,0.198,237.79,6.2,2,0,17
2006-12-18,"08:23:00",1.49,0.204,239.04,6.2,1,0,18
2006-12-18,"08:24:00",2.90745,0.202,238.42,6.2,1,0,17
2006-12-18,"08:25:00",2.82395,0.16,238.72,6,1,0,18
2006-12-18,"08:26:00",2.7922,0.102,238.91,5.8,1,0,17
2006-12-18,"08:27:00",1.41,0.102,238.96,5.8,2,0,18
2006-12-18,"08:28:00",1.408,0.1,238.62,5.8,1,0,17
2006-12-18,"08:29:00",2.65795,0.102,238.77,5.8,1,0,18
2006-12-18,"08:30:00",2.6061,0.1,238.21,5.8,1,0,17
2006-12-18,"08:31:00",1.398,0.1,238.37,5.8,1,0,18
2006-12-18,"08:32:00",2.56135,0,237.97,5.4,2,0,17
2006-12-18,"08:33:00",2.5388,0,237.12,5.4,1,0,17
2006-12-18,"08:34:00",1.302,0,236.99,5.4,1,0,17
2006-12-18,"08:35:00",2.48,0,237.69,5.4,1,0,18
2006-12-18,"08:36:00",2.457,0,237.78,5.4,1,0,17
2006-12-18,"08:37:00",1.308,0,238.52,5.4,2,0,17
2006-12-18,"08:38:00",1.316,0,238.73,5.4,1,0,18
2006-12-18,"08:39:00",1.322,0,239.16,5.4,1,0,17
2006-12-18,"08:40:00",1.322,0,239.03,5.4,1,0,18
2006-12-18,"08:41:00",2.3398,0,239.29,5.4,1,0,17
2006-12-18,"08:42:00",1.312,0,238.64,5.4,2,0,18
2006-12-18,"08:43:00",1.282,0,239.02,5.2,0,0,17
2006-12-18,"08:44:00",2.3222,0,238.72,5.4,2,0,18
2006-12-18,"08:45:00",1.318,0,237.99,5.4,1,0,17
2006-12-18,"08:46:00",1.33,0,239.38,5.4,1,0,18
2006-12-18,"08:47:00",1.32,0,238.95,5.4,1,0,17
2006-12-18,"08:48:00",1.326,0,239.64,5.4,2,0,18
2006-12-18,"08:49:00",1.324,0,240.05,5.4,1,0,17
2006-12-18,"08:50:00",2.1749,0.076,240.21,5.8,1,0,18
2006-12-18,"08:51:00",2.1232,0.118,238.14,6,1,0,18
2006-12-18,"08:52:00",2.06945,0.124,238.02,5.6,1,0,17
2006-12-18,"08:53:00",1.404,0.108,237.41,5.8,1,0,17
2006-12-18,"08:54:00",3.078,0.078,235.25,13.6,27,0,17
2006-12-18,"08:55:00",3.546,0.074,235.53,15,38,0,17
2006-12-18,"08:56:00",2.0053,0.076,235.87,15,37,0,17
2006-12-18,"08:57:00",3.618,0.186,234.84,15.4,37,0,17
2006-12-18,"08:58:00",2.0041,0.2,234.53,15.4,37,1,17
2006-12-18,"08:59:00",2.0043,0.282,234.19,15.6,37,1,17
2006-12-18,"09:00:00",3.678,0.288,234.99,15.6,37,2,17
2006-12-18,"09:01:00",3.694,0.29,235.41,15.6,37,1,17
2006-12-18,"09:02:00",3.708,0.292,235.73,15.6,37,2,17
2006-12-18,"09:03:00",3.708,0.292,235.9,15.6,37,1,17
2006-12-18,"09:04:00",2.21795,0.292,235.86,15.6,37,1,17
2006-12-18,"09:05:00",2.2728,0.226,235.81,15.4,38,2,17
2006-12-18,"09:06:00",2.32705,0.162,235.18,15.2,36,1,17
2006-12-18,"09:07:00",2.3819,0.166,235.96,15.2,38,2,17
2006-12-18,"09:08:00",2.012,0.17,238.55,9.4,12,1,17
2006-12-18,"09:09:00",1.332,0.082,238.88,5.6,0,1,18
2006-12-18,"09:10:00",1.322,0.078,238.1,5.4,0,2,17
2006-12-18,"09:11:00",2.39085,0.08,237.51,5.4,0,1,17
2006-12-18,"09:12:00",2.3914,0.11,237.32,5.6,0,1,18
2006-12-18,"09:13:00",2.39155,0.084,236.78,5.4,1,1,17
2006-12-18,"09:14:00",1.31,0.076,237.17,5.4,0,2,17
2006-12-18,"09:15:00",1.31,0.076,237.32,5.4,0,1,17
2006-12-18,"09:16:00",1.314,0.078,238.25,5.4,0,1,18
2006-12-18,"09:17:00",2.39225,0.08,238.65,5.4,0,1,17
2006-12-18,"09:18:00",2.3925,0.082,239.23,5.4,0,2,18
2006-12-18,"09:19:00",1.336,0.086,240.12,5.4,0,1,17
2006-12-18,"09:20:00",1.336,0.086,240.24,5.4,0,1,18
2006-12-18,"09:21:00",1.338,0.084,240.63,5.6,0,1,18
2006-12-18,"09:22:00",1.296,0,240.69,5.4,0,0,18
2006-12-18,"09:23:00",2.3927,0,240.62,5.2,0,0,17
2006-12-18,"09:24:00",2.3938,0.07,241,5.6,0,0,18
2006-12-18,"09:25:00",2.3952,0.098,240.45,5.6,0,0,18
2006-12-18,"09:26:00",2.39605,0.096,239.83,5.6,0,0,17
2006-12-18,"09:27:00",1.346,0.09,238.58,5.6,0,0,18
2006-12-18,"09:28:00",2.39675,0.086,237.51,5.6,0,0,17
2006-12-18,"09:29:00",1.312,0.08,235.72,5.4,0,0,17
2006-12-18,"09:30:00",1.322,0.084,236.37,5.6,0,0,17
2006-12-18,"09:31:00",1.326,0.086,237,5.6,0,0,17
2006-12-18,"09:32:00",2.3904,0.086,237.13,5.6,0,0,18
2006-12-18,"09:33:00",1.308,0.082,235.84,5.4,0,0,17
2006-12-18,"09:34:00",1.302,0.08,235.48,5.4,0,0,17
2006-12-18,"09:35:00",2.2876,0.08,235.47,5.4,0,0,17
2006-12-18,"09:36:00",1.312,0.082,235.94,5.4,0,0,17
2006-12-18,"09:37:00",1.316,0.084,236.31,5.6,0,0,17
2006-12-18,"09:38:00",2.11615,0.084,236.7,5.6,0,0,17
2006-12-18,"09:39:00",2.0561,0,236.78,5.2,0,0,17
2006-12-18,"09:40:00",1.99425,0.046,234.77,5,0,0,17
2006-12-18,"09:41:00",1.216,0,235.34,5,0,0,17
2006-12-18,"09:42:00",1.296,0,236.8,5.4,0,0,17
2006-12-18,"09:43:00",1.314,0.058,237.53,5.4,0,0,18
2006-12-18,"09:44:00",1.7524,0.056,236.88,5.4,0,0,17
2006-12-18,"09:45:00",1.6938,0.056,236.73,5.4,0,0,17
2006-12-18,"09:46:00",1.3,0.056,236.77,5.4,0,0,17
2006-12-18,"09:47:00",1.5794,0.056,236.82,5.4,0,0,17
2006-12-18,"09:48:00",1.56155,0.054,236.34,5.4,0,0,18
2006-12-18,"09:49:00",1.56065,0.056,236.26,5.4,0,0,17
2006-12-18,"09:50:00",1.29,0.054,236.23,5.4,0,0,17
2006-12-18,"09:51:00",1.278,0,236.99,5.4,0,0,17
2006-12-18,"09:52:00",1.234,0,237.45,5.2,0,0,17
2006-12-18,"09:53:00",1.236,0,237.38,5.2,0,0,17
2006-12-18,"09:54:00",1.55305,0,237.86,5.2,0,0,18
2006-12-18,"09:55:00",1.5514,0,238.16,5.2,0,0,17
2006-12-18,"09:56:00",1.242,0,238.59,5.2,0,0,18
2006-12-18,"09:57:00",1.248,0,239.15,5.2,0,0,17
2006-12-18,"09:58:00",1.54765,0,238.44,5.4,0,0,18
2006-12-18,"09:59:00",1.5482,0.09,238.78,5.6,0,0,17
2006-12-18,"10:00:00",1.352,0.09,238.66,5.6,0,0,17
2006-12-18,"10:01:00",1.342,0.088,238.05,5.6,0,0,18
2006-12-18,"10:02:00",1.332,0.086,237.63,5.6,0,0,17
2006-12-18,"10:03:00",1.336,0.088,237.88,5.6,0,0,17
2006-12-18,"10:04:00",1.5509,0.09,238.67,5.6,0,0,18
2006-12-18,"10:05:00",1.35,0.092,239.06,5.6,0,0,17
2006-12-18,"10:06:00",1.5499,0.09,238.76,5.6,0,0,18
2006-12-18,"10:07:00",1.336,0.088,238.15,5.6,0,0,17
2006-12-18,"10:08:00",1.5499,0.09,238.49,5.6,0,0,18
2006-12-18,"10:09:00",1.5503,0.086,237.25,5.6,0,0,17
2006-12-18,"10:10:00",1.336,0.088,237.83,5.6,0,0,17
2006-12-18,"10:11:00",1.5509,0.088,238.05,5.6,0,0,18
2006-12-18,"10:12:00",1.332,0.088,237.73,5.6,0,0,17
2006-12-18,"10:13:00",1.284,0,237.66,5.4,0,0,17
2006-12-18,"10:14:00",1.252,0,239.27,5.2,0,0,18
2006-12-18,"10:15:00",1.548,0,239.29,5.2,0,0,17
2006-12-18,"10:16:00",1.54635,0,238.17,5.2,0,0,18
2006-12-18,"10:17:00",1.5446,0,238.3,5.2,0,0,17
2006-12-18,"10:18:00",1.24,0,238.17,5.2,0,0,17
2006-12-18,"10:19:00",1.5423,0,238.27,5.2,0,0,18
2006-12-18,"10:20:00",1.54315,0,237.74,5.2,0,0,17
2006-12-18,"10:21:00",1.5433,0,236.04,5.2,0,0,17
2006-12-18,"10:22:00",1.24,0,237.64,5.2,0,0,18
2006-12-18,"10:23:00",1.54035,0,238.87,5.2,0,0,17
2006-12-18,"10:24:00",1.296,0,239.71,5.4,0,0,18
2006-12-18,"10:25:00",1.326,0.064,239.42,5.4,0,0,17
2006-12-18,"10:26:00",1.332,0.064,239.22,5.4,0,0,18
2006-12-18,"10:27:00",1.326,0.062,238.79,5.4,0,0,17
2006-12-18,"10:28:00",1.5431,0.064,239.48,5.4,0,0,18
2006-12-18,"10:29:00",1.33,0.064,239.43,5.4,0,0,17
2006-12-18,"10:30:00",1.33,0.066,240.19,5.4,0,0,18
2006-12-18,"10:31:00",1.54595,0.062,238.99,5.4,0,0,17
2006-12-18,"10:32:00",1.33,0.064,239.68,5.4,0,0,18
2006-12-18,"10:33:00",1.55195,0.112,239.86,5.8,0,0,18
2006-12-18,"10:34:00",1.5554,0.106,240.07,5.6,0,0,17
2006-12-18,"10:35:00",1.362,0.096,240.02,5.6,0,0,18
2006-12-18,"10:36:00",1.5611,0.094,239.53,5.6,0,0,17
2006-12-18,"10:37:00",1.56375,0.094,239.78,5.6,0,0,18
2006-12-18,"10:38:00",1.56475,0.094,239.59,5.6,0,0,18
2006-12-18,"10:39:00",1.354,0.094,239.32,5.6,0,0,17
2006-12-18,"10:40:00",1.344,0.09,238.65,5.6,0,0,18
2006-12-18,"10:41:00",1.5646,0.092,239.03,5.6,0,0,17
2006-12-18,"10:42:00",1.5652,0.094,239.91,5.6,0,0,18
2006-12-18,"10:43:00",1.348,0.092,239.2,5.6,0,0,17
2006-12-18,"10:44:00",1.34,0.092,239.03,5.6,0,0,18
2006-12-18,"10:45:00",1.346,0.096,239.81,5.6,0,0,17
2006-12-18,"10:46:00",1.56535,0.096,239.95,5.6,0,0,18
2006-12-18,"10:47:00",1.354,0.096,239.87,5.6,0,0,18
2006-12-18,"10:48:00",1.56565,0.07,239.47,5.4,0,0,17
2006-12-18,"10:49:00",1.254,0,239.76,5.2,0,0,18
2006-12-18,"10:50:00",1.5616,0,239.2,5.2,0,0,17
2006-12-18,"10:51:00",1.55945,0,239.48,5.2,0,0,18
2006-12-18,"10:52:00",1.258,0,240.31,5.2,0,0,18
2006-12-18,"10:53:00",1.55725,0,240.71,5.2,0,0,17
2006-12-18,"10:54:00",1.5576,0,240.3,5.2,0,0,18
2006-12-18,"10:55:00",1.266,0,240.24,5.2,0,0,18
2006-12-18,"10:56:00",1.55815,0,239.81,5.2,0,0,17
2006-12-18,"10:57:00",1.272,0,240.88,5.2,0,0,18
2006-12-18,"10:58:00",1.268,0,240.62,5.2,0,0,18
2006-12-18,"10:59:00",1.26,0,239.89,5.2,0,0,17
2006-12-18,"11:00:00",1.56045,0,239.2,5.2,0,0,18
2006-12-18,"11:01:00",1.56125,0,239.33,5.2,0,0,17
2006-12-18,"11:02:00",1.56135,0,238.82,5.2,0,0,18
2006-12-18,"11:03:00",1.56125,0,239.35,5.2,0,0,17
2006-12-18,"11:04:00",1.258,0,240.17,5.2,0,0,18
2006-12-18,"11:05:00",1.334,0.064,239.4,5.6,0,0,18
2006-12-18,"11:06:00",1.56045,0.08,238.95,5.4,0,1,17
2006-12-18,"11:07:00",1.5621,0.152,238.51,5.8,0,2,18
2006-12-18,"11:08:00",1.5639,0.184,238.69,5.8,0,1,17
2006-12-18,"11:09:00",1.56715,0.228,239,6.2,0,2,17
2006-12-18,"11:10:00",1.516,0.312,238.59,6.4,0,1,18
2006-12-18,"11:11:00",1.5766,0.314,238.65,6.4,0,1,17
2006-12-18,"11:12:00",1.581,0.312,238.52,6.4,0,2,18
2006-12-18,"11:13:00",1.504,0.314,238.63,6.4,0,1,17
2006-12-18,"11:14:00",1.587,0.312,238.44,6.4,0,2,18
2006-12-18,"11:15:00",1.5905,0.318,239.59,6.4,0,1,17
2006-12-18,"11:16:00",1.492,0.316,239.03,6.4,0,1,18
2006-12-18,"11:17:00",1.5959,0.222,239.57,6,0,2,17
2006-12-18,"11:18:00",1.5974,0.212,238.84,6,0,1,18
2006-12-18,"11:19:00",1.406,0.208,238.03,5.8,0,1,17
2006-12-18,"11:20:00",1.60005,0.204,237.44,5.8,0,2,17
2006-12-18,"11:21:00",1.392,0.204,237,5.8,0,1,18
2006-12-18,"11:22:00",1.60275,0.204,237.31,6,0,1,17
2006-12-18,"11:23:00",1.72,0.198,236.7,7.2,0,1,17
2006-12-18,"11:24:00",1.756,0.202,237.55,7.4,0,2,17
2006-12-18,"11:25:00",1.6291,0.082,237.57,6.8,0,1,18
2006-12-18,"11:26:00",1.63535,0.07,237.29,6.6,0,1,17
2006-12-18,"11:27:00",1.64145,0.07,236.98,6.6,0,1,17
2006-12-18,"11:28:00",1.508,0.074,237.86,6.2,0,1,17
2006-12-18,"11:29:00",1.316,0,240.47,5.4,0,1,18
2006-12-18,"11:30:00",1.65365,0,240.32,6.2,0,0,18
2006-12-18,"11:31:00",1.66215,0.048,240.29,6.6,0,0,17
2006-12-18,"11:32:00",1.67075,0.052,240.41,6.6,0,0,18
2006-12-18,"11:33:00",1.58,0.054,238.78,6.6,0,0,17
2006-12-18,"11:34:00",1.68685,0.05,240.37,6.6,0,0,18
2006-12-18,"11:35:00",1.69525,0.05,240.52,6.6,0,0,18
2006-12-18,"11:36:00",1.61,0.048,241.21,6.6,0,0,18
2006-12-18,"11:37:00",1.7125,0.048,241.45,6.6,0,0,18
2006-12-18,"11:38:00",1.63,0.05,242.38,6.6,0,0,18
2006-12-18,"11:39:00",1.73095,0.054,242.48,6.6,0,0,17
2006-12-18,"11:40:00",1.626,0.056,241.74,6.6,0,0,18
2006-12-18,"11:41:00",1.626,0.056,241.6,6.6,0,0,18
2006-12-18,"11:42:00",1.626,0.056,241.64,6.6,0,0,18
2006-12-18,"11:43:00",1.616,0.058,240.9,6.6,0,0,18
2006-12-18,"11:44:00",1.612,0.058,240.5,6.6,0,0,18
2006-12-18,"11:45:00",1.618,0.058,241.1,6.6,0,0,17
2006-12-18,"11:46:00",1.79345,0,241.21,7,0,0,18
2006-12-18,"11:47:00",1.80185,0.076,241.18,7,0,0,18
2006-12-18,"11:48:00",1.8117,0.166,240.52,7.4,0,0,18
2006-12-18,"11:49:00",1.81985,0.176,240.3,7.4,0,0,17
2006-12-18,"11:50:00",1.8267,0.178,240.64,7.4,0,0,18
2006-12-18,"11:51:00",1.788,0.178,240.59,7.4,0,0,18
2006-12-18,"11:52:00",1.8409,0.182,241.39,7.4,0,0,18
2006-12-18,"11:53:00",1.8483,0.182,241.35,7.4,0,0,17
2006-12-18,"11:54:00",1.85575,0.18,241.07,7.4,0,0,18
2006-12-18,"11:55:00",1.784,0.178,240.76,7.4,0,0,18
2006-12-18,"11:56:00",1.86995,0.178,240.77,7.4,0,0,18
2006-12-18,"11:57:00",1.766,0.156,241.2,7.2,0,0,18
2006-12-18,"11:58:00",1.886,0.078,241.86,7,0,0,17
2006-12-18,"11:59:00",1.726,0.08,242.25,7,0,0,18
2006-12-18,"12:00:00",1.734,0.084,242.96,7,0,0,19
2006-12-18,"12:01:00",1.686,0,242.38,6.8,0,0,17
2006-12-18,"12:02:00",1.622,0.056,241.39,6.6,0,0,18
2006-12-18,"12:03:00",1.618,0.056,241.06,6.6,0,0,18
2006-12-18,"12:04:00",1.9087,0.058,240.76,6.6,0,0,18
2006-12-18,"12:05:00",1.62,0.056,241.21,6.6,0,0,18
2006-12-18,"12:06:00",1.618,0.056,241.06,6.6,0,0,17
2006-12-18,"12:07:00",1.624,0.056,241.43,6.6,0,0,18
2006-12-18,"12:08:00",1.636,0.054,241.82,6.6,0,0,18
2006-12-18,"12:09:00",1.638,0,242.06,6.6,0,0,18
2006-12-18,"12:10:00",1.925,0,243.03,6.8,0,0,18
2006-12-18,"12:11:00",1.92625,0,242.27,6.6,0,0,18
2006-12-18,"12:12:00",1.92725,0,242.84,6.6,0,0,18
2006-12-18,"12:13:00",1.9284,0,241.78,6.6,0,0,18
2006-12-18,"12:14:00",1.628,0,241.92,6.6,0,0,18
2006-12-18,"12:15:00",1.626,0,241.7,6.6,0,0,18
2006-12-18,"12:16:00",1.63,0,242.06,6.6,0,0,18
2006-12-18,"12:17:00",1.624,0,241.66,6.6,0,0,18
2006-12-18,"12:18:00",1.9305,0,241.97,6.6,0,0,18
2006-12-18,"12:19:00",1.638,0,242.74,6.6,0,0,18
2006-12-18,"12:20:00",1.9308,0,242.49,6.6,0,0,18
2006-12-18,"12:21:00",1.618,0,241.17,6.6,0,0,17
2006-12-18,"12:22:00",1.9305,0,241.36,6.6,0,0,18
2006-12-18,"12:23:00",1.93285,0.046,241.52,7,0,0,18
2006-12-18,"12:24:00",1.742,0.096,241.83,7.2,0,0,18
2006-12-18,"12:25:00",1.9362,0.1,242.51,6.6,0,0,18
2006-12-18,"12:26:00",1.69,0.102,242.84,7,0,0,18
2006-12-18,"12:27:00",1.9516,0.094,242.42,9.6,0,0,18
2006-12-18,"12:28:00",2.138,0.092,241.72,8.8,0,0,18
2006-12-18,"12:29:00",1.53,0.1,242.42,6.2,0,0,18
2006-12-18,"12:30:00",2.414,0.408,242.12,10.8,0,0,18
2006-12-18,"12:31:00",2.092,0.376,242.24,9.4,0,0,18
2006-12-18,"12:32:00",2.0034,0.522,241.87,12.4,0,0,18
2006-12-18,"12:33:00",2.03645,0.51,240.63,13.2,0,0,17
2006-12-18,"12:34:00",3.092,0.502,241.32,13,0,0,18
2006-12-18,"12:35:00",2.1007,0.478,241.22,13,0,0,18
2006-12-18,"12:36:00",2.1319,0.472,241.51,12.8,0,0,18
2006-12-18,"12:37:00",2.1628,0.464,241.45,12.6,0,0,18
2006-12-18,"12:38:00",2.1869,0.326,241.55,11.6,0,0,18
2006-12-18,"12:39:00",1.468,0.074,243.17,6,0,0,18
2006-12-18,"12:40:00",2.17295,0,242.38,5.8,0,0,18
2006-12-18,"12:41:00",2.1653,0,241.62,5.6,0,0,17
2006-12-18,"12:42:00",1.378,0,241.59,5.6,0,0,18
2006-12-18,"12:43:00",1.388,0,242.57,5.6,0,0,18
2006-12-18,"12:44:00",1.406,0,243.68,5.8,0,0,18
2006-12-18,"12:45:00",1.41,0,244.23,5.8,0,0,19
2006-12-18,"12:46:00",1.412,0,244.4,5.8,0,0,18
2006-12-18,"12:47:00",1.412,0,244.66,5.8,0,0,18
2006-12-18,"12:48:00",1.414,0,245.18,5.8,0,0,19
2006-12-18,"12:49:00",2.12125,0,244.32,5.8,0,0,18
2006-12-18,"12:50:00",2.11525,0,244.31,5.8,0,0,18
2006-12-18,"12:51:00",2.10965,0,244.84,5.8,0,0,18
2006-12-18,"12:52:00",1.422,0,245.22,5.8,0,0,19
2006-12-18,"12:53:00",2.099,0,244.91,5.8,0,0,18
2006-12-18,"12:54:00",2.09355,0,244.27,5.8,0,0,18
2006-12-18,"12:55:00",2.08815,0,244.39,5.8,0,0,19
2006-12-18,"12:56:00",1.412,0,244.74,5.8,0,0,18
2006-12-18,"12:57:00",1.408,0,244.16,5.8,0,0,18
2006-12-18,"12:58:00",1.402,0,244.11,5.6,0,0,19
2006-12-18,"12:59:00",2.0655,0,243.76,5.6,0,0,18
2006-12-18,"13:00:00",1.48,0.058,244.03,6,0,0,18
2006-12-18,"13:01:00",2.05895,0.11,244.45,6.2,0,0,18
2006-12-18,"13:02:00",1.512,0.11,244.69,6.2,0,0,18
2006-12-18,"13:03:00",2.0511,0.108,244.31,6.2,0,0,19
2006-12-18,"13:04:00",2.044,0.106,243.62,6,0,0,18
2006-12-18,"13:05:00",2.0447,0.114,243.02,6.8,0,0,18
2006-12-18,"13:06:00",2.0466,0.124,242.49,7.2,0,0,18
2006-12-18,"13:07:00",1.762,0.124,242.31,7.2,0,0,18
2006-12-18,"13:08:00",1.76,0.122,241.57,7.2,0,0,18
2006-12-18,"13:09:00",1.758,0.12,241.5,7.2,0,0,18
2006-12-18,"13:10:00",1.756,0.12,241.32,7.2,0,0,17
2006-12-18,"13:11:00",1.812,0.166,242.16,7.4,0,0,18
2006-12-18,"13:12:00",1.848,0.232,242.74,7.6,0,0,18
2006-12-18,"13:13:00",1.914,0.314,242.48,8,0,0,18
2006-12-18,"13:14:00",1.92015,0.356,242.74,8,0,2,18
2006-12-18,"13:15:00",1.89065,0.268,243.22,7.8,0,1,18
2006-12-18,"13:16:00",1.8611,0.224,243.48,7.6,0,1,19
2006-12-18,"13:17:00",1.83195,0.222,243.08,7.6,0,2,18
2006-12-18,"13:18:00",1.81075,0.222,243.27,7.6,0,1,18
2006-12-18,"13:19:00",1.826,0.22,242.51,7.6,0,2,18
2006-12-18,"13:20:00",1.8297,0.222,243.17,7.6,0,1,18
2006-12-18,"13:21:00",1.832,0.222,243.1,7.6,0,1,18
2006-12-18,"13:22:00",1.8523,0.222,243.04,7.6,0,2,18
2006-12-18,"13:23:00",1.86195,0.12,243.44,7.2,0,1,18
2006-12-18,"13:24:00",1.768,0.116,243.08,7.2,0,2,18
2006-12-18,"13:25:00",1.8799,0.114,242.98,7.2,0,1,18
2006-12-18,"13:26:00",1.768,0.116,243.32,7.2,0,1,18
2006-12-18,"13:27:00",1.734,0.106,240.84,7.2,0,2,18
2006-12-18,"13:28:00",1.90465,0.104,240.32,7.2,0,1,18
2006-12-18,"13:29:00",1.9126,0.106,240.71,7.2,0,1,18
2006-12-18,"13:30:00",1.732,0.108,241.41,7.2,0,1,17
2006-12-18,"13:31:00",1.92875,0.11,242.03,7.2,0,2,18
2006-12-18,"13:32:00",1.9367,0.112,242.21,7.2,0,1,18
2006-12-18,"13:33:00",1.634,0.1,241.81,6.8,0,1,18
2006-12-18,"13:34:00",1.9443,0.086,241.94,6.2,0,1,18
2006-12-18,"13:35:00",1.9464,0.084,241.48,6.2,0,2,18
2006-12-18,"13:36:00",1.95195,0.082,241.18,6.8,0,1,18
2006-12-18,"13:37:00",1.746,0.14,240.97,7.2,0,1,17
2006-12-18,"13:38:00",1.73,0.094,241.31,7.2,0,0,18
2006-12-18,"13:39:00",1.97675,0.094,240.81,7,0,0,18
2006-12-18,"13:40:00",1.98275,0.094,240.97,7,0,0,18
2006-12-18,"13:41:00",1.9877,0.092,240.64,7,0,0,17
2006-12-18,"13:42:00",1.714,0.094,241.26,7,0,0,18
2006-12-18,"13:43:00",1.9978,0.094,240.99,7,0,0,18
2006-12-18,"13:44:00",2.00385,0.092,240.45,7,0,0,18
2006-12-18,"13:45:00",2.0049,0.09,239.91,7,0,0,17
2006-12-18,"13:46:00",2.003,0.09,239.77,7,0,0,18
2006-12-18,"13:47:00",1.694,0.09,240.15,7,0,0,18
2006-12-18,"13:48:00",1.9997,0.09,240.32,7,0,0,17
2006-12-18,"13:49:00",1.696,0.092,240.38,7,0,0,18
2006-12-18,"13:50:00",1.99655,0.09,240.02,7,0,0,18
2006-12-18,"13:51:00",1.702,0.092,240.88,7,0,0,17
2006-12-18,"13:52:00",1.746,0.116,241.64,7.2,0,0,18
2006-12-18,"13:53:00",1.98575,0.064,241.22,7,0,0,18
2006-12-18,"13:54:00",1.97975,0.064,241.05,7,0,0,18
2006-12-18,"13:55:00",1.9751,0.064,241.04,7,0,0,18
2006-12-18,"13:56:00",1.686,0.062,241.02,7,0,0,17
2006-12-18,"13:57:00",1.686,0.064,241.18,7,0,0,18
2006-12-18,"13:58:00",1.94055,0.076,242.92,3.4,0,0,4
2006-12-18,"13:59:00",0.486,0.082,243.3,2,0,0,0
2006-12-18,"14:00:00",1.8714,0.082,243.35,1.6,0,0,0
2006-12-18,"14:01:00",0.612,0.084,243.9,3,0,0,2
2006-12-18,"14:02:00",1.83305,0.074,243.52,6.2,0,0,18
2006-12-18,"14:03:00",1.442,0,243.35,5.8,0,0,19
2006-12-18,"14:04:00",1.426,0,243.13,5.8,0,0,18
2006-12-18,"14:05:00",1.80715,0,241.46,5.8,0,0,18
2006-12-18,"14:06:00",1.7979,0,240.95,5.8,0,0,18
2006-12-18,"14:07:00",1.41,0,241.98,5.8,0,0,17
2006-12-18,"14:08:00",1.78175,0,241.57,5.8,0,0,18
2006-12-18,"14:09:00",1.592,0,240.89,6.6,0,0,18
2006-12-18,"14:10:00",1.594,0,240.22,6.6,0,0,18
2006-12-18,"14:11:00",1.594,0,240.29,6.6,0,0,17
2006-12-18,"14:12:00",1.76795,0,240.97,6.6,0,0,18
2006-12-18,"14:13:00",1.616,0,241.34,6.6,0,0,18
2006-12-18,"14:14:00",1.7708,0,240.4,6.8,0,0,18
2006-12-18,"14:15:00",1.718,0.092,240.53,7,0,0,17
2006-12-18,"14:16:00",1.7783,0.092,240.4,7,0,0,18
2006-12-18,"14:17:00",1.77735,0.092,241.17,7,0,0,18
2006-12-18,"14:18:00",1.718,0.092,242.05,7,0,0,18
2006-12-18,"14:19:00",1.82,0.094,241.39,7.4,0,0,18
2006-12-18,"14:20:00",1.7839,0.096,242.08,7.8,0,0,18
2006-12-18,"14:21:00",1.876,0.09,240.91,7.8,0,0,18
2006-12-18,"14:22:00",1.7918,0.088,240.08,7.6,0,0,17
2006-12-18,"14:23:00",1.7956,0.086,239.35,7.6,0,0,18
2006-12-18,"14:24:00",1.87,0.088,240.07,7.8,0,0,17
2006-12-18,"14:25:00",1.876,0.09,240.56,7.8,0,0,18
2006-12-18,"14:26:00",1.88,0.092,241.12,7.8,0,0,18
2006-12-18,"14:27:00",1.866,0.088,240.61,7.6,0,0,18
2006-12-18,"14:28:00",1.81795,0.09,241.01,7.8,0,0,17
2006-12-18,"14:29:00",1.82215,0.084,240.59,7.6,0,0,18
2006-12-18,"14:30:00",1.8247,0,241.64,7.4,0,0,18
2006-12-18,"14:31:00",1.82705,0,241.68,7.4,0,0,18
2006-12-18,"14:32:00",1.876,0.062,240.89,7.8,0,0,18
2006-12-18,"14:33:00",1.83485,0.064,242.14,7.6,0,0,18
2006-12-18,"14:34:00",1.83955,0.064,242.22,7.6,0,0,17
2006-12-18,"14:35:00",1.8444,0.066,242.62,7.6,0,0,18
2006-12-18,"14:36:00",1.84945,0.068,243.25,7.6,0,0,19
2006-12-18,"14:37:00",1.85455,0.068,243.64,7.6,0,0,18
2006-12-18,"14:38:00",1.883,0.072,244.13,7.8,0,0,18
2006-12-18,"14:39:00",1.898,0.07,243.69,7.8,0,0,18
2006-12-18,"14:40:00",1.888,0.07,243.21,7.6,0,0,18
2006-12-18,"14:41:00",1.894,0.07,243.75,7.6,0,0,18
2006-12-18,"14:42:00",1.858,0,243.88,7.6,0,0,19
2006-12-18,"14:43:00",2.0055,0,243.84,7.4,0,0,18
2006-12-18,"14:44:00",1.822,0,243.72,7.4,0,0,18
2006-12-18,"14:45:00",1.828,0,244.37,7.4,0,0,18
2006-12-18,"14:46:00",1.82,0,243.86,7.4,0,0,18
2006-12-18,"14:47:00",2.04675,0,243.77,7.4,0,0,19
2006-12-18,"14:48:00",2.05695,0,243.45,7.4,0,0,18
2006-12-18,"14:49:00",2.06225,0,242.76,7.4,0,0,18
2006-12-18,"14:50:00",2.06735,0,242.35,7.4,0,0,18
2006-12-18,"14:51:00",1.814,0,243.38,7.4,0,0,18
2006-12-18,"14:52:00",1.87,0,244.37,7.6,0,0,18
2006-12-18,"14:53:00",2.0874,0.102,243.78,7.8,0,0,18
2006-12-18,"14:54:00",2.09495,0.104,244.09,7.8,0,0,19
2006-12-18,"14:55:00",2.1002,0.102,243.73,7.8,0,0,18
2006-12-18,"14:56:00",2.1054,0.1,243.34,7.8,0,0,18
2006-12-18,"14:57:00",1.902,0.096,242.36,7.8,0,0,18
2006-12-18,"14:58:00",1.896,0.094,241.65,7.8,0,0,18
2006-12-18,"14:59:00",2.11635,0.092,240.99,7.8,0,0,17
2006-12-18,"15:00:00",2.1162,0.092,241.39,7.8,0,0,18
2006-12-18,"15:01:00",2.11645,0.092,241.14,7.8,0,0,18
2006-12-18,"15:02:00",1.886,0.09,240.84,7.8,0,0,18
2006-12-18,"15:03:00",2.12275,0.09,241.25,8.6,0,0,18
2006-12-18,"15:04:00",2.06,0.092,241.76,8.4,0,0,18
2006-12-18,"15:05:00",1.888,0.096,241.97,7.8,0,0,17
2006-12-18,"15:06:00",2.128,0.094,241.97,7.8,0,0,18
2006-12-18,"15:07:00",2.12835,0,242.99,7.6,0,0,18
2006-12-18,"15:08:00",2.1345,0,242.41,8.6,0,0,18
2006-12-18,"15:09:00",2.1408,0,241.92,8.6,0,0,18
2006-12-18,"15:10:00",1.764,0,241.37,7.2,0,0,18
2006-12-18,"15:11:00",2.14,0,242.11,7.4,0,0,18
2006-12-18,"15:12:00",1.71,0,242.6,7,0,0,18
2006-12-18,"15:13:00",1.708,0.064,242.25,7,0,0,18
2006-12-18,"15:14:00",1.706,0.068,242.39,7,0,0,18
2006-12-18,"15:15:00",2.12285,0.072,242.52,7,0,0,18
2006-12-18,"15:16:00",2.11825,0.074,242.7,7,0,0,18
2006-12-18,"15:17:00",2.11355,0.074,242.67,7,0,0,18
2006-12-18,"15:18:00",1.7,0.072,242.64,7,0,0,18
2006-12-18,"15:19:00",1.684,0.07,241.94,6.8,0,0,18
2006-12-18,"15:20:00",2.0979,0.068,241.52,6.8,0,0,18
2006-12-18,"15:21:00",2.09255,0.068,241.82,6.8,0,0,18
2006-12-18,"15:22:00",2.08695,0,241.22,6.8,0,0,18
2006-12-18,"15:23:00",2.0818,0,241.87,6.6,0,0,18
2006-12-18,"15:24:00",2.0769,0,242.37,6.6,0,0,17
2006-12-18,"15:25:00",1.626,0,242.44,6.6,0,0,18
2006-12-18,"15:26:00",1.62,0,241.92,6.6,0,0,18
2006-12-18,"15:27:00",2.06475,0,240.97,7.2,0,0,18
2006-12-18,"15:28:00",2.06305,0.09,241.19,7.2,0,0,18
2006-12-18,"15:29:00",2.06295,0.088,241.21,7.4,0,2,18
2006-12-18,"15:30:00",1.926,0.138,241.4,8,0,1,18
2006-12-18,"15:31:00",2.0732,0.22,241.09,8.6,0,1,17
2006-12-18,"15:32:00",2.054,0.218,240.69,8.6,0,2,18
2006-12-18,"15:33:00",2.07515,0.228,241.97,7.6,0,1,18
2006-12-18,"15:34:00",1.808,0.234,242.82,7.4,0,2,18
2006-12-18,"15:35:00",1.808,0.234,243.04,7.4,0,1,18
2006-12-18,"15:36:00",2.06625,0.234,243.1,7.4,0,1,18
2006-12-18,"15:37:00",2.064,0.236,243.49,7.4,0,2,18
2006-12-18,"15:38:00",1.812,0.236,243.19,7.4,0,1,18
2006-12-18,"15:39:00",2.0601,0.238,243.5,7.4,0,2,19
2006-12-18,"15:40:00",1.822,0.242,244.23,7.4,0,1,18
2006-12-18,"15:41:00",1.806,0.236,243.17,7.4,0,1,18
2006-12-18,"15:42:00",1.808,0.238,243.41,7.4,0,2,18
2006-12-18,"15:43:00",2.04765,0.242,244.08,7.4,0,1,18
2006-12-18,"15:44:00",1.822,0.244,244.7,7.4,0,1,19
2006-12-18,"15:45:00",2.03865,0.164,244.61,7.2,0,1,18
2006-12-18,"15:46:00",2.0341,0.098,243.43,7,0,2,18
2006-12-18,"15:47:00",2.0296,0.096,243.1,7,0,1,18
2006-12-18,"15:48:00",2.0187,0.092,241.93,6.8,0,1,18
2006-12-18,"15:49:00",1.688,0.094,242.22,7,0,1,18
2006-12-18,"15:50:00",2.00615,0.094,242.41,7,0,2,18
2006-12-18,"15:51:00",1.686,0.094,242.17,6.8,0,1,18
2006-12-18,"15:52:00",2.00365,0.092,242.78,7,0,0,18
2006-12-18,"15:53:00",1.714,0.08,243.54,7,0,0,18
2006-12-18,"15:54:00",1.71,0.078,243.06,7,0,0,18
2006-12-18,"15:55:00",2.00405,0.078,243.02,7,0,0,18
2006-12-18,"15:56:00",1.712,0.08,243.36,7,0,0,18
2006-12-18,"15:57:00",2.00455,0.08,243.59,7,0,0,18
2006-12-18,"15:58:00",1.698,0.078,242.78,7,0,0,19
2006-12-18,"15:59:00",2.00455,0.074,242.17,6.8,0,0,17
2006-12-18,"16:00:00",1.68,0.074,241.86,6.8,0,0,18
2006-12-18,"16:01:00",1.686,0.074,242.31,6.8,0,0,18
2006-12-18,"16:02:00",2.0046,0,242.17,6.6,0,0,18
2006-12-18,"16:03:00",1.622,0,242.81,6.6,0,0,18
2006-12-18,"16:04:00",2.0044,0,242.32,6.6,0,0,18
2006-12-18,"16:05:00",2.004,0,241.7,6.6,0,0,18
2006-12-18,"16:06:00",2.0037,0,241.61,6.6,0,0,18
2006-12-18,"16:07:00",1.614,0,242.05,6.6,0,0,18
2006-12-18,"16:08:00",1.662,0,241.85,6.8,0,0,18
2006-12-18,"16:09:00",1.9969,0.106,242.08,7,0,0,18
2006-12-18,"16:10:00",1.734,0.1,242.31,7,0,0,18
2006-12-18,"16:11:00",1.734,0.094,242.45,7,0,0,18
2006-12-18,"16:12:00",1.742,0.098,243.34,7,0,0,18
2006-12-18,"16:13:00",1.748,0.1,243.83,7.2,0,0,18
2006-12-18,"16:14:00",1.97175,0.102,244.05,7,0,0,18
2006-12-18,"16:15:00",1.738,0.106,243.76,7,0,0,18
2006-12-18,"16:16:00",1.9678,0.11,242.94,7,0,0,19
2006-12-18,"16:17:00",1.9655,0.11,242.9,7,0,0,18
2006-12-18,"16:18:00",1.96325,0.112,243.16,7,0,0,18
2006-12-18,"16:19:00",1.9604,0.104,241.45,7,0,0,17
2006-12-18,"16:20:00",1.95735,0.104,241.53,7,0,0,18
2006-12-18,"16:21:00",1.714,0.11,242.57,7,0,0,18
2006-12-18,"16:22:00",1.95305,0.114,243.74,7,0,0,19
2006-12-18,"16:23:00",1.696,0.054,243.83,6.8,0,0,18
2006-12-18,"16:24:00",1.648,0,244.22,6.6,0,0,18
2006-12-18,"16:25:00",1.9427,0,244.63,6.6,0,0,18
2006-12-18,"16:26:00",1.646,0,244.54,6.6,0,0,19
2006-12-18,"16:27:00",1.646,0,244.51,6.6,0,0,18
2006-12-18,"16:28:00",1.638,0,243.93,6.6,0,0,18
2006-12-18,"16:29:00",1.9376,0,244.37,6.6,0,0,18
2006-12-18,"16:30:00",1.638,0,244.02,6.6,0,0,18
2006-12-18,"16:31:00",1.642,0,244.3,6.6,0,0,19
2006-12-18,"16:32:00",1.72,0.058,244.71,7,0,0,18
2006-12-18,"16:33:00",1.93525,0.082,244.04,7,0,0,18
2006-12-18,"16:34:00",1.9508,0.462,242.34,10,0,0,18
2006-12-18,"16:35:00",1.9717,0.582,241.14,11,0,0,18
2006-12-18,"16:36:00",2.536,0.578,241.32,11,0,0,18
2006-12-18,"16:37:00",2.622,0.582,241.44,11.2,0,0,18
2006-12-18,"16:38:00",2.6,0.576,240.88,11.2,0,0,17
2006-12-18,"16:39:00",2.05915,0.58,240.89,11,0,0,18
2006-12-18,"16:40:00",2.0802,0.576,241.18,10.8,0,0,18
2006-12-18,"16:41:00",2.101,0.576,240.96,10.8,0,0,18
2006-12-18,"16:42:00",2.101,0,242.2,6.6,0,0,18
2006-12-18,"16:43:00",2.154,0.302,242.02,9.2,0,0,18
2006-12-18,"16:44:00",2.13545,0.474,241.38,10.6,0,0,17
2006-12-18,"16:45:00",2.1566,0.472,241.2,10.4,0,0,18
2006-12-18,"16:46:00",2.18035,0.514,242.55,11,0,0,18
2006-12-18,"16:47:00",2.20785,0.646,242.59,11.6,0,0,18
2006-12-18,"16:48:00",2.682,0.636,241.56,11.6,0,0,18
2006-12-18,"16:49:00",2.25175,0.498,241.91,10.6,0,0,18
2006-12-18,"16:50:00",2.2684,0.51,241.24,10.4,0,0,18
2006-12-18,"16:51:00",2.2895,0.598,241.13,11,0,0,18
2006-12-18,"16:52:00",2.554,0.586,241,11,0,0,17
2006-12-18,"16:53:00",2.3092,0.11,242.44,7,0,0,18
2006-12-18,"16:54:00",2.3092,0.108,242.07,7.2,0,0,18
2006-12-18,"16:55:00",2.31145,0.104,241.95,7.4,0,0,18
2006-12-18,"16:56:00",2.3166,0.102,241.55,8,0,0,18
2006-12-18,"16:57:00",1.908,0.096,240.36,7.8,0,0,18
2006-12-18,"16:58:00",2.3257,0.092,239.69,7.8,0,0,17
2006-12-18,"16:59:00",2.3299,0.094,239.96,7.8,0,0,18
2006-12-18,"17:00:00",1.946,0.088,239.07,8,0,0,17
2006-12-18,"17:01:00",2.3383,0,240.26,7.4,0,0,18
2006-12-18,"17:02:00",1.764,0,240.63,7.2,0,0,18
2006-12-18,"17:03:00",1.752,0,239.65,7.2,0,0,17
2006-12-18,"17:04:00",1.744,0,239.1,7.2,0,0,18
2006-12-18,"17:05:00",2.34565,0,239.72,7.2,0,0,17
2006-12-18,"17:06:00",1.732,0,238.26,7.2,0,0,18
2006-12-18,"17:07:00",2.35005,0,238.49,7.2,0,0,17
2006-12-18,"17:08:00",2.35275,0,238.75,7.2,0,0,18
2006-12-18,"17:09:00",1.742,0,238.41,7.2,0,0,17
2006-12-18,"17:10:00",2.3583,0,239.92,7.2,0,0,18
2006-12-18,"17:11:00",2.3636,0,239.33,7.6,0,0,17
2006-12-18,"17:12:00",1.934,0,239.33,8,0,0,18
2006-12-18,"17:13:00",2.24,0.06,238.75,9.4,0,0,17
2006-12-18,"17:14:00",2.387,0.062,238.75,10.6,0,0,18
2006-12-18,"17:15:00",2.3935,0.058,238.25,11.6,0,0,17
2006-12-18,"17:16:00",2.4034,0.056,237.88,12.2,0,0,17
2006-12-18,"17:17:00",3.046,0.064,238.39,12.8,0,0,18
2006-12-18,"17:18:00",2.4217,0.058,237.87,12.2,0,0,17
2006-12-18,"17:19:00",2.4234,0.058,238.09,11,0,0,17
2006-12-18,"17:20:00",2.706,0.054,237.11,11.4,0,0,18
2006-12-18,"17:21:00",2.77,0.052,237.91,11.6,0,0,17
2006-12-18,"17:22:00",2.492,0,238.96,10.4,0,0,17
2006-12-18,"17:23:00",1.95,0,239.13,8,0,0,18
2006-12-18,"17:24:00",1.956,0,239.57,8,0,0,18
2006-12-18,"17:25:00",2.42845,0.122,239.48,8.6,0,0,17
2006-12-18,"17:26:00",2.036,0.108,239.94,8.4,0,0,18
2006-12-18,"17:27:00",2.39445,0.094,240.22,7.8,0,0,17
2006-12-18,"17:28:00",2.3731,0.09,238.99,7.6,0,0,18
2006-12-18,"17:29:00",2.3569,0.088,238.35,7.6,0,0,17
2006-12-18,"17:30:00",2.186,0.21,238.18,9.2,0,0,18
2006-12-18,"17:31:00",1.982,0.086,238.54,8.2,0,0,17
2006-12-18,"17:32:00",2.32225,0.086,238.53,8.2,0,0,17
2006-12-18,"17:33:00",1.97,0.084,238.41,8.2,0,0,18
2006-12-18,"17:34:00",2.33405,0.086,238.79,8.2,0,0,17
2006-12-18,"17:35:00",1.988,0.09,239.7,8.2,0,0,18
2006-12-18,"17:36:00",1.984,0.086,239.31,8.2,0,0,17
2006-12-18,"17:37:00",2.3497,0.29,238.64,10,0,0,18
2006-12-18,"17:38:00",2.812,0.566,237.69,12.2,0,0,17
2006-12-18,"17:39:00",2.39525,0.522,237.55,12,0,0,17
2006-12-18,"17:40:00",2.41465,0.44,237.97,11.6,0,0,18
2006-12-18,"17:41:00",2.392,0.248,238.13,10.4,0,0,17
2006-12-18,"17:42:00",1.89,0,238.85,7.8,0,0,18
2006-12-18,"17:43:00",1.896,0,239.3,7.8,0,0,17
2006-12-18,"17:44:00",1.952,0,239.38,8.2,0,0,18
2006-12-18,"17:45:00",2.44695,0.078,239.38,8.2,0,1,17
2006-12-18,"17:46:00",2.45145,0.08,239.44,8,0,2,18
2006-12-18,"17:47:00",1.8,0.08,239.06,7.4,0,1,17
2006-12-18,"17:48:00",1.818,0.078,238.54,7.6,0,1,18
2006-12-18,"17:49:00",2.45805,0.08,239.22,7.8,0,2,17
2006-12-18,"17:50:00",1.858,0.076,238.4,7.8,0,1,18
2006-12-18,"17:51:00",1.868,0.078,238.83,7.8,0,1,17
2006-12-18,"17:52:00",2.461,0.154,238.95,8.2,0,2,18
2006-12-18,"17:53:00",2.252,0.182,238.9,9.4,0,1,17
2006-12-18,"17:54:00",2.4632,0.178,238.02,10.8,0,2,17
2006-12-18,"17:55:00",2.652,0.18,238.25,11,0,1,18
2006-12-18,"17:56:00",2.45245,0.176,237.65,11.2,0,1,17
2006-12-18,"17:57:00",2.646,0.174,237.32,11,0,2,17
2006-12-18,"17:58:00",2.42935,0.176,236.82,10,0,1,18
2006-12-18,"17:59:00",2.42375,0.192,237.44,10,0,1,17
2006-12-18,"18:00:00",2.42575,0.178,237.25,11.8,0,2,17
2006-12-18,"18:01:00",2.728,0.128,236.52,11.4,0,1,17
2006-12-18,"18:02:00",2.42755,0.074,237.63,10.8,0,1,17
2006-12-18,"18:03:00",2.4412,0.184,238.25,10.4,0,2,18
2006-12-18,"18:04:00",2.46175,0.276,237.15,11.6,0,1,17
2006-12-18,"18:05:00",2.475,0.212,236.56,11,0,1,17
2006-12-18,"18:06:00",2.604,0.202,237.33,11,0,1,17
2006-12-18,"18:07:00",2.50755,0.204,237.6,11,0,1,18
2006-12-18,"18:08:00",2.5267,0.2,236.91,11,0,2,17
2006-12-18,"18:09:00",2.5458,0.196,235.98,10.8,0,1,17
2006-12-18,"18:10:00",2.77,0.194,235.92,11.6,0,1,17
2006-12-18,"18:11:00",2.814,0.138,235.49,11.8,0,1,17
2006-12-18,"18:12:00",2.782,0.076,235.87,11.8,0,0,17
2006-12-18,"18:13:00",2.62,0.078,235.62,11,0,0,17
2006-12-18,"18:14:00",2.51,0.076,234.67,10.6,0,0,17
2006-12-18,"18:15:00",2.64425,0.072,233.77,10.8,0,0,17
2006-12-18,"18:16:00",2.65,0.07,233.33,11.2,0,0,16
2006-12-18,"18:17:00",2.6701,0.078,233.58,11.4,0,0,17
2006-12-18,"18:18:00",2.58,0,233.95,11,0,0,17
2006-12-18,"18:19:00",2.65865,0.054,232.74,10.8,0,0,16
2006-12-18,"18:20:00",2.65455,0.052,233.24,10.8,0,0,17
2006-12-18,"18:21:00",2.6617,0.048,235.79,11.2,0,0,17
2006-12-18,"18:22:00",2.396,0,236.11,10,0,0,17
2006-12-18,"18:23:00",2.442,0,236.13,10.2,0,0,17
2006-12-18,"18:24:00",2.464,0,236.9,10.4,0,0,17
2006-12-18,"18:25:00",2.472,0,237.35,10.4,0,0,18
2006-12-18,"18:26:00",2.72265,0,237.44,9.6,0,0,17
2006-12-18,"18:27:00",2.72465,0.048,237.91,7.8,0,0,17
2006-12-18,"18:28:00",1.876,0.046,238.46,7.8,0,0,18
2006-12-18,"18:29:00",1.708,0.046,237.84,7.2,0,0,17
2006-12-18,"18:30:00",1.696,0.048,236.88,7,0,0,17
2006-12-18,"18:31:00",2.7135,0.048,236.4,7,0,0,17
2006-12-18,"18:32:00",1.486,0,237.41,6.2,0,0,18
2006-12-18,"18:33:00",2.08,0.054,236.53,8.8,0,0,17
2006-12-18,"18:34:00",2.68805,0.054,236.73,9.2,0,0,17
2006-12-18,"18:35:00",2.212,0.052,236.5,9.2,0,0,17
2006-12-18,"18:36:00",2.228,0.056,237.48,9.4,0,0,17
2006-12-18,"18:37:00",2.224,0.058,237.95,9.2,0,0,18
2006-12-18,"18:38:00",2.65155,0.058,237.63,9.2,0,0,17
2006-12-18,"18:39:00",2.226,0.06,238.53,9.2,0,0,17
2006-12-18,"18:40:00",2.63325,0.06,238.43,9.2,0,0,18
2006-12-18,"18:41:00",2.24,0.072,237.97,9.4,0,0,17
2006-12-18,"18:42:00",2.258,0.088,238.19,9.4,0,0,17
2006-12-18,"18:43:00",2.6066,0.092,238.99,9.4,0,0,18
2006-12-18,"18:44:00",2.5935,0.09,238.29,9.4,0,0,17
2006-12-18,"18:45:00",2.5845,0.086,237.36,9.4,0,0,18
2006-12-18,"18:46:00",2.57545,0.088,237.86,9.4,0,0,17
2006-12-18,"18:47:00",2.254,0.088,237.61,9.4,0,0,17
2006-12-18,"18:48:00",2.74,0.078,236.89,11.6,0,0,17
2006-12-18,"18:49:00",2.5753,0.084,238.15,11.6,0,0,18
2006-12-18,"18:50:00",2.57515,0.08,237.06,11.6,0,0,17
2006-12-18,"18:51:00",2.5707,0.086,237.03,11,0,0,17
2006-12-18,"18:52:00",2.568,0.084,236.13,10.8,0,0,17
2006-12-18,"18:53:00",2.56385,0.084,235.77,10.8,0,0,17
2006-12-18,"18:54:00",2.56515,0.084,235.95,10.8,0,0,17
2006-12-18,"18:55:00",2.56615,0.084,235.88,10.8,0,0,17
2006-12-18,"18:56:00",2.524,0,236.36,10.6,0,0,17
2006-12-18,"18:57:00",2.5579,0,236.46,10.4,0,0,18
2006-12-18,"18:58:00",2.482,0,236.52,10.4,0,0,17
2006-12-18,"18:59:00",2.53225,0,237.88,7,0,0,3
2006-12-18,"19:00:00",1.456,0,237.09,6,0,0,0
2006-12-18,"19:01:00",2.47415,0,237.06,6,0,0,0
2006-12-18,"19:02:00",1.456,0,237.02,6,0,0,0
2006-12-18,"19:03:00",2.4259,0,236.81,6,0,0,0
2006-12-18,"19:04:00",1.456,0,237.15,6,0,0,0
2006-12-18,"19:05:00",2.37555,0,238.07,6,0,0,0
2006-12-18,"19:06:00",1.464,0,237.98,6,0,0,0
2006-12-18,"19:07:00",1.364,0,238,5.6,0,0,0
2006-12-18,"19:08:00",1.372,0,238.53,5.6,0,0,0
2006-12-18,"19:09:00",2.32115,0,238.47,5.8,0,0,0
2006-12-18,"19:10:00",2.31655,0,238.12,6.2,0,0,0
2006-12-18,"19:11:00",2.3152,0,237.83,6.8,0,0,0
2006-12-18,"19:12:00",2.3208,0,238.09,7.2,0,0,0
2006-12-18,"19:13:00",2.3195,0.406,236.34,8.8,0,0,0
2006-12-18,"19:14:00",2.3,0.43,235.84,9.8,0,0,0
2006-12-18,"19:15:00",2.3243,0.412,235.34,10,0,0,0
2006-12-18,"19:16:00",2.32595,0.354,235.24,9.8,0,0,0
2006-12-18,"19:17:00",2.3216,0.216,235.93,8.6,0,0,0
2006-12-18,"19:18:00",2.32015,0.212,235.98,9,0,0,0
2006-12-18,"19:19:00",2.3529,0.194,234.56,15.6,0,22,0
2006-12-18,"19:20:00",4.314,0.282,233.19,18.4,0,37,0
2006-12-18,"19:21:00",4.25,0.312,233.86,18.2,0,36,0
2006-12-18,"19:22:00",4.714,0.394,233.74,20.2,0,37,0
2006-12-18,"19:23:00",3.32625,0.4,233.62,19.8,0,36,0
2006-12-18,"19:24:00",4.58,0.39,232.51,19.6,0,37,0
2006-12-18,"19:25:00",4.684,0.384,231.98,20.2,0,36,0
2006-12-18,"19:26:00",4.836,0.38,231.95,20.8,0,36,0
2006-12-18,"19:27:00",4.762,0.368,231.97,20.6,0,37,0
2006-12-18,"19:28:00",3.6216,0.284,231.76,20.2,0,36,0
2006-12-18,"19:29:00",4.678,0.282,231.85,20.2,0,36,0
2006-12-18,"19:30:00",3.7357,0.408,230.94,23.8,0,36,0
2006-12-18,"19:31:00",6.158,0.442,229.08,27,0,36,0
2006-12-18,"19:32:00",3.88125,0.452,231.81,21.6,0,15,0
2006-12-18,"19:33:00",3.92475,0.432,232.62,18.8,0,3,0
2006-12-18,"19:34:00",4.058,0.3,233.05,18,0,27,0
2006-12-18,"19:35:00",3.2421,0.472,233.68,16.4,0,0,0
2006-12-18,"19:36:00",4.012,0.478,234.29,17.2,0,1,0
2006-12-18,"19:37:00",3.166,0.336,235.1,13.8,0,1,0
2006-12-18,"19:38:00",2.164,0.16,235.94,9.6,0,1,0
2006-12-18,"19:39:00",1.786,0.118,236.38,7.6,0,1,0
2006-12-18,"19:40:00",3.3011,0.12,236.88,7.6,0,2,0
2006-12-18,"19:41:00",3.309,0.148,236.8,7.4,0,1,0
2006-12-18,"19:42:00",1.744,0.162,236.49,7.4,0,1,0
2006-12-18,"19:43:00",3.323,0.148,235.9,7.2,0,1,0
2006-12-18,"19:44:00",3.32935,0.12,235.77,7.2,0,0,0
2006-12-18,"19:45:00",1.742,0.124,236.56,7.4,0,1,0
2006-12-18,"19:46:00",3.3458,0.114,236.23,7.8,0,1,0
2006-12-18,"19:47:00",3.3586,0.114,235.24,8,0,2,0
2006-12-18,"19:48:00",1.746,0.128,235.4,7.4,0,1,0
2006-12-18,"19:49:00",3.3764,0.148,235.02,7.2,0,1,0
2006-12-18,"19:50:00",3.38885,0.2,234.7,8.6,0,5,0
2006-12-18,"19:51:00",3.39785,0.198,235.29,8.4,0,6,0
2006-12-18,"19:52:00",3.4048,0.194,235.58,8.4,0,5,0
2006-12-18,"19:53:00",1.986,0.194,235.67,8.4,0,5,0
2006-12-18,"19:54:00",3.39245,0.182,236.22,7.8,0,4,0
2006-12-18,"19:55:00",3.37215,0,236.68,6.4,0,0,0
2006-12-18,"19:56:00",1.482,0,237.74,6.2,0,0,0
2006-12-18,"19:57:00",1.574,0.104,237.49,6.6,0,0,0
2006-12-18,"19:58:00",1.556,0.176,236.14,6.6,0,2,0
2006-12-18,"19:59:00",1.548,0.174,235.18,6.6,0,1,0
2006-12-18,"20:00:00",3.20785,0.234,236.17,6.8,0,1,0
2006-12-18,"20:01:00",1.666,0.306,236.3,7.2,0,2,0
2006-12-18,"20:02:00",1.67,0.312,237.36,7,0,1,0
2006-12-18,"20:03:00",1.666,0.312,237.83,7,0,2,0
2006-12-18,"20:04:00",1.664,0.314,238.16,7,0,1,0
2006-12-18,"20:05:00",1.66,0.312,237.88,7,0,2,0
2006-12-18,"20:06:00",1.648,0.306,236.77,7,0,1,0
2006-12-18,"20:07:00",1.66,0.306,236.72,7,0,1,0
2006-12-18,"20:08:00",1.658,0.31,237.36,7,0,2,0
2006-12-18,"20:09:00",1.798,0.298,235.8,7.8,0,1,0
2006-12-18,"20:10:00",2.564,0.278,235.57,10.8,0,2,0
2006-12-18,"20:11:00",2.3777,0.276,234.7,10.8,0,1,0
2006-12-18,"20:12:00",2.32405,0.212,235.34,11.8,0,1,4
2006-12-18,"20:13:00",3.33,0.174,232.93,14.2,0,1,18
2006-12-18,"20:14:00",3.276,0.174,233.39,14,0,2,17
2006-12-18,"20:15:00",2.2703,0.098,234.33,14.2,0,1,17
2006-12-18,"20:16:00",2.2558,0.05,233.87,14.8,0,1,17
2006-12-18,"20:17:00",3.03955,0,232.91,19.4,0,2,17
2006-12-18,"20:18:00",2.32795,0.058,233.87,16,0,1,16
2006-12-18,"20:19:00",2.3792,0.076,234.13,16.6,0,1,17
2006-12-18,"20:20:00",3.18715,0.074,233.16,17.8,0,1,17
2006-12-18,"20:21:00",3.386,0.05,232.32,14.6,0,1,17
2006-12-18,"20:22:00",2.517,0,234.42,14.2,0,1,17
2006-12-18,"20:23:00",3.28,0.058,234.07,14,0,0,16
2006-12-18,"20:24:00",3.312,0.056,235.38,14,0,0,17
2006-12-18,"20:25:00",3.304,0.058,234.85,14,0,0,17
2006-12-18,"20:26:00",3.292,0.06,234.36,14,0,0,17
2006-12-18,"20:27:00",3.268,0.06,233.32,14,0,0,17
2006-12-18,"20:28:00",3.282,0.058,234.22,14,0,0,17
2006-12-18,"20:29:00",3.264,0.058,233.86,14,0,0,16
2006-12-18,"20:30:00",2.81285,0.056,233.57,13.6,0,0,17
2006-12-18,"20:31:00",2.956,0.056,233.64,12.8,0,0,17
2006-12-18,"20:32:00",2.85405,0,235.27,11.4,0,0,17
2006-12-18,"20:33:00",2.87405,0,236.82,11.8,0,0,17
2006-12-18,"20:34:00",2.892,0,235.79,12.2,0,0,17
2006-12-18,"20:35:00",2.93645,0,235.59,12.6,0,0,17
2006-12-18,"20:36:00",2.98575,0.062,232.88,14.8,0,0,17
2006-12-18,"20:37:00",3.414,0.07,232.06,14.8,0,0,16
2006-12-18,"20:38:00",3.81,0.054,232.02,16.4,0,0,17
2006-12-18,"20:39:00",3.1397,0.054,232.36,15.6,0,0,16
2006-12-18,"20:40:00",3.406,0,231.84,14.6,0,0,17
2006-12-18,"20:41:00",3.342,0.128,232.04,14.4,0,0,16
2006-12-18,"20:42:00",3.418,0.122,231.19,14.8,0,0,17
2006-12-18,"20:43:00",3.43,0.128,233,14.8,0,0,16
2006-12-18,"20:44:00",3.3571,0.142,235.37,14.4,0,0,17
2006-12-18,"20:45:00",3.38,0.142,235.43,14.4,0,0,17
2006-12-18,"20:46:00",3.374,0.14,235.18,14.4,0,0,17
2006-12-18,"20:47:00",3.418,0.148,235.52,14.6,0,0,17
2006-12-18,"20:48:00",3.348,0.15,234.54,14.2,0,0,17
2006-12-18,"20:49:00",3.5699,0.15,234.01,14.6,0,0,17
2006-12-18,"20:50:00",3.59075,0.146,232.68,14.6,0,0,16
2006-12-18,"20:51:00",3.6116,0.078,234.61,14.6,0,0,17
2006-12-18,"20:52:00",3.62835,0.056,235.19,14.4,0,0,17
2006-12-18,"20:53:00",3.314,0.052,235.14,14.2,0,0,17
2006-12-18,"20:54:00",3.312,0.064,235.65,14.2,0,0,17
2006-12-18,"20:55:00",3.6274,0.068,235.24,14,0,0,17
2006-12-18,"20:56:00",3.62385,0.07,234.4,14,0,0,17
2006-12-18,"20:57:00",3.264,0.072,233.18,14,0,0,17
2006-12-18,"20:58:00",3.602,0,232.62,15.6,0,0,16
2006-12-18,"20:59:00",3.5758,0.076,233.28,14,0,0,17
2006-12-18,"21:00:00",3.274,0.076,233.67,14,0,0,17
2006-12-18,"21:01:00",3.27,0.078,233.54,14,0,0,16
2006-12-18,"21:02:00",3.55125,0.074,234.89,14,0,0,17
2006-12-18,"21:03:00",3.316,0.072,235.82,14.2,0,0,17
2006-12-18,"21:04:00",3.306,0.074,235.15,14.2,0,0,17
2006-12-18,"21:05:00",3.298,0.076,234.93,14,0,0,17
2006-12-18,"21:06:00",3.55175,0.078,234.56,14,0,0,17
2006-12-18,"21:07:00",3.282,0.078,234.28,14,0,0,17
2006-12-18,"21:08:00",3.5522,0.078,234.58,14,0,0,17
2006-12-18,"21:09:00",3.5527,0.08,234.34,14,0,0,17
2006-12-18,"21:10:00",3.5549,0.082,234.08,14.2,0,0,16
2006-12-18,"21:11:00",3.564,0.08,235.35,14.2,0,0,17
2006-12-18,"21:12:00",3.58055,0.076,236.18,14.2,0,0,17
2006-12-18,"21:13:00",2.464,0.07,236,10.6,0,0,4
2006-12-18,"21:14:00",2.298,0.07,236.01,9.8,0,0,0
2006-12-18,"21:15:00",2.302,0.07,236.67,9.8,0,0,0
2006-12-18,"21:16:00",3.5149,0,237.72,10.2,0,0,0
2006-12-18,"21:17:00",3.4892,0.058,237.51,10.2,0,0,0
2006-12-18,"21:18:00",3.4429,0.062,238.21,8.4,0,0,0
2006-12-18,"21:19:00",1.958,0.082,238.44,8.4,0,0,0
2006-12-18,"21:20:00",2.022,0.144,239.11,8.6,0,0,0
2006-12-18,"21:21:00",2.044,0.186,239.41,8.6,0,0,0
2006-12-18,"21:22:00",2.038,0.182,238.59,8.8,0,0,0
2006-12-18,"21:23:00",2.03,0.182,238.12,8.6,0,0,0
2006-12-18,"21:24:00",3.23105,0.178,237.68,8.6,0,0,0
2006-12-18,"21:25:00",2.046,0.186,238.96,8.8,0,0,0
2006-12-18,"21:26:00",3.16395,0.178,237.44,8.6,0,0,0
2006-12-18,"21:27:00",3.12865,0.174,236.2,8.6,0,0,0
2006-12-18,"21:28:00",2.006,0.174,236.28,8.6,0,0,0
2006-12-18,"21:29:00",2,0.172,235.8,8.6,0,0,0
2006-12-18,"21:30:00",1.974,0.072,235.79,8.6,0,0,0
2006-12-18,"21:31:00",2.98595,0.052,236.61,8,0,0,0
2006-12-18,"21:32:00",2.94705,0.054,236.22,8,0,0,0
2006-12-18,"21:33:00",2.91025,0.05,236.86,8,0,0,0
2006-12-18,"21:34:00",1.854,0.048,238.07,8,0,0,0
2006-12-18,"21:35:00",2.8379,0,239.07,8,0,0,0
2006-12-18,"21:36:00",2.8024,0.046,239.44,8,0,0,0
2006-12-18,"21:37:00",1.868,0.046,239.37,8,0,0,0
2006-12-18,"21:38:00",2.724,0.046,238.93,8,0,0,0
2006-12-18,"21:39:00",2.68865,0.05,237.99,8,0,0,0
2006-12-18,"21:40:00",2.6533,0.046,238.27,8,0,0,0
2006-12-18,"21:41:00",2.62035,0.05,238.12,8.4,0,0,0
2006-12-18,"21:42:00",1.782,0,237.82,7.6,0,0,0
2006-12-18,"21:43:00",2.54065,0,237.6,7,0,0,0
2006-12-18,"21:44:00",2.4993,0,238.65,7,0,0,0
2006-12-18,"21:45:00",1.654,0,239.24,7,0,0,0
2006-12-18,"21:46:00",1.664,0,240.08,7,0,0,0
2006-12-18,"21:47:00",2.377,0,239.28,7,0,0,0
2006-12-18,"21:48:00",1.654,0,238.92,7,0,0,0
2006-12-18,"21:49:00",2.2957,0,239.68,7,0,0,0
2006-12-18,"21:50:00",1.668,0,240.45,7,0,0,0
2006-12-18,"21:51:00",1.658,0.054,241.24,6.8,0,0,0
2006-12-18,"21:52:00",1.664,0.056,240.81,6.8,0,0,0
2006-12-18,"21:53:00",2.1478,0.056,240.53,6.2,0,0,0
2006-12-18,"21:54:00",1.488,0.046,240.28,6.2,0,0,0
2006-12-18,"21:55:00",1.504,0.076,240.01,6.2,0,0,0
2006-12-18,"21:56:00",1.504,0.074,239.73,6.2,0,0,0
2006-12-18,"21:57:00",2.0628,0.07,239.05,6.2,0,0,0
2006-12-18,"21:58:00",2.0511,0.072,239.17,6.2,0,0,0
2006-12-18,"21:59:00",1.482,0.07,238.65,6.2,0,0,0
2006-12-18,"22:00:00",2.02755,0.16,237.72,6.6,0,0,0
2006-12-18,"22:01:00",1.542,0.166,237.52,6.6,0,0,0
2006-12-18,"22:02:00",1.534,0.168,237.6,6.4,0,0,0
2006-12-18,"22:03:00",1.98865,0.168,237.42,6.2,0,0,0
2006-12-18,"22:04:00",1.9752,0.17,237.95,6.2,0,0,0
2006-12-18,"22:05:00",1.96125,0.174,238.72,6.2,0,0,0
2006-12-18,"22:06:00",1.94795,0.188,238.51,6.4,0,0,0
2006-12-18,"22:07:00",1.93485,0.178,238.46,6.2,0,0,0
2006-12-18,"22:08:00",1.452,0.136,239.25,6,0,0,0
2006-12-18,"22:09:00",1.90545,0,239.88,5.8,0,0,0
2006-12-18,"22:10:00",1.334,0.048,240.13,5.6,0,0,0
2006-12-18,"22:11:00",1.87605,0.048,239.84,5.6,0,0,0
2006-12-18,"22:12:00",1.8644,0,238.98,5.8,0,0,0
2006-12-18,"22:13:00",1.8535,0.066,238.87,5.8,0,1,0
2006-12-18,"22:14:00",1.84205,0.068,239.02,5.8,0,2,0
2006-12-18,"22:15:00",1.83015,0.062,238.05,5.8,0,1,0
2006-12-18,"22:16:00",1.396,0.064,238.33,5.8,0,1,0
2006-12-18,"22:17:00",1.408,0.07,239.9,5.8,0,2,0
2006-12-18,"22:18:00",1.79535,0.068,239.61,5.8,0,1,0
2006-12-18,"22:19:00",1.7841,0.066,239.05,5.8,0,2,0
2006-12-18,"22:20:00",1.412,0.066,238.9,6,0,1,0
2006-12-18,"22:21:00",1.7596,0.07,240.05,6,0,1,0
2006-12-18,"22:22:00",1.75025,0.074,240.96,5.8,0,2,0
2006-12-18,"22:23:00",1.7445,0.078,241.95,5.8,0,1,0
2006-12-18,"22:24:00",1.7385,0.076,241.7,5.8,0,2,0
2006-12-18,"22:25:00",1.7326,0.076,241.71,5.8,0,1,0
2006-12-18,"22:26:00",1.428,0.076,241.98,6,0,1,0
2006-12-18,"22:27:00",1.424,0.078,242.49,5.8,0,2,0
2006-12-18,"22:28:00",1.7149,0.078,242.28,5.8,0,1,0
2006-12-18,"22:29:00",1.404,0.076,241.47,5.8,0,1,0
2006-12-18,"22:30:00",1.7018,0.078,242.24,5.8,0,2,0
2006-12-18,"22:31:00",1.69525,0.074,241.05,5.8,0,1,0
2006-12-18,"22:32:00",1.6901,0.182,240.48,6.2,0,1,0
2006-12-18,"22:33:00",1.69,0.204,240.26,6.2,0,1,0
2006-12-18,"22:34:00",1.498,0.204,240.42,6.2,0,2,0
2006-12-18,"22:35:00",1.502,0.208,241.14,6.2,0,1,0
2006-12-18,"22:36:00",1.69,0.21,241.25,6.2,0,1,0
2006-12-18,"22:37:00",1.384,0.104,242.72,5.6,0,0,0
2006-12-18,"22:38:00",1.376,0.094,242.5,5.6,0,0,0
2006-12-18,"22:39:00",1.6818,0.094,242.51,5.6,0,0,0
2006-12-18,"22:40:00",1.448,0.17,242.58,6,0,0,0
2006-12-18,"22:41:00",1.45,0.202,242.4,6,0,0,0
2006-12-18,"22:42:00",1.67395,0.224,242.12,5.8,0,0,0
2006-12-18,"22:43:00",1.67225,0.22,241.54,5.8,0,0,0
2006-12-18,"22:44:00",1.48,0.218,241.15,6.2,0,0,0
2006-12-18,"22:45:00",1.69765,0.342,239.64,11,0,8,0
2006-12-18,"22:46:00",3.088,0.242,239.28,12.8,0,37,0
2006-12-18,"22:47:00",2.73,0.21,240,12,0,27,0
2006-12-18,"22:48:00",3.332,0.192,239.33,13.8,0,37,0
2006-12-18,"22:49:00",2.556,0.144,240.21,11.6,0,27,0
2006-12-18,"22:50:00",1.8781,0,240.77,11,0,37,0
2006-12-18,"22:51:00",2.65,0,240.34,11,0,36,0
2006-12-18,"22:52:00",1.94185,0,239.63,10.8,0,36,0
2006-12-18,"22:53:00",2.536,0,240.08,10.4,0,37,0
2006-12-18,"22:54:00",1.9981,0,239.66,10.4,0,36,0
2006-12-18,"22:55:00",2.027,0.046,240.42,10.6,0,36,0
2006-12-18,"22:56:00",2.526,0,239.99,10.4,0,36,0
2006-12-18,"22:57:00",2.536,0,240.05,10.4,0,37,0
2006-12-18,"22:58:00",2.534,0,240.59,10.4,0,36,0
2006-12-18,"22:59:00",2.14005,0,240.04,10.4,0,36,0
2006-12-18,"23:00:00",2.502,0,239.2,10.4,0,36,0
2006-12-18,"23:01:00",2.19425,0,238.25,10.4,0,36,0
2006-12-18,"23:02:00",1.604,0,239.81,7,0,22,0
2006-12-18,"23:03:00",2.062,0,238.97,8.8,0,27,0
2006-12-18,"23:04:00",2.488,0,238.35,10.4,0,36,0
2006-12-18,"23:05:00",2.25835,0.048,240.18,8.8,0,29,0
2006-12-18,"23:06:00",1.636,0,241.77,7,0,20,0
2006-12-18,"23:07:00",2.2918,0.048,241.25,10.6,0,37,0
2006-12-18,"23:08:00",2.024,0.064,242.03,8.6,0,30,0
2006-12-18,"23:09:00",1.606,0.096,242.66,6.8,0,20,0
2006-12-18,"23:10:00",2.34185,0.18,241.45,10.8,0,37,0
2006-12-18,"23:11:00",2.03,0.23,242.79,8.8,0,28,0
2006-12-18,"23:12:00",2.3667,0.22,243.75,7.8,0,22,0
2006-12-18,"23:13:00",2.39485,0.226,243.06,10.8,0,37,0
2006-12-18,"23:14:00",2.3998,0.212,242.39,7.4,0,23,0
2006-12-18,"23:15:00",2.41505,0.218,241.31,9,0,28,0
2006-12-18,"23:16:00",2.556,0.19,239.91,10.6,0,36,0
2006-12-18,"23:17:00",2.4452,0.226,241.9,6.6,0,20,0
2006-12-18,"23:18:00",2.284,0.208,242.35,9.6,0,30,0
2006-12-18,"23:19:00",2.49015,0.218,241.84,9.6,0,32,0
2006-12-18,"23:20:00",2.49375,0.266,242.94,6.8,0,18,0
2006-12-18,"23:21:00",2.7,0.33,243.33,11,0,37,0
2006-12-18,"23:22:00",2.537,0.328,243.8,8.2,0,25,0
2006-12-18,"23:23:00",2.102,0.338,243.57,9,0,26,0
2006-12-18,"23:24:00",2.57645,0.216,242.01,10,0,34,0
2006-12-18,"23:25:00",2.54785,0.156,241.85,5.8,0,17,0
2006-12-18,"23:26:00",2.5337,0.134,241.95,10.4,0,36,0
2006-12-18,"23:27:00",1.77,0.162,243.93,7.6,0,26,0
2006-12-18,"23:28:00",2.47455,0.15,243.73,8.2,0,25,0
2006-12-18,"23:29:00",2.346,0.134,241.97,9.8,0,35,0
2006-12-18,"23:30:00",2.4344,0.05,243.63,5,0,17,0
2006-12-18,"23:31:00",2.4298,0,243.05,10,0,36,0
2006-12-18,"23:32:00",2.39855,0,243.88,6,0,19,0
2006-12-18,"23:33:00",2.014,0.048,243.22,8.6,0,29,0
2006-12-18,"23:34:00",1.932,0,242.92,8.8,0,28,0
2006-12-18,"23:35:00",2.34525,0.054,243.98,6.6,0,22,0
2006-12-18,"23:36:00",2.3274,0,243.62,8.4,0,25,0
2006-12-18,"23:37:00",2.31855,0,242.98,9.2,0,33,0
2006-12-18,"23:38:00",1.146,0,244.26,5.2,0,14,0
2006-12-18,"23:39:00",2.472,0,242.84,10,0,37,0
2006-12-18,"23:40:00",1.296,0,244.2,6,0,19,0
2006-12-18,"23:41:00",2.006,0,243.5,8.6,0,28,0
2006-12-18,"23:42:00",0.558,0.054,245.09,3,0,7,0
2006-12-18,"23:43:00",0.464,0.068,244.92,1.8,0,4,0
2006-12-18,"23:44:00",2.12235,0.054,244.37,1.8,0,3,0
2006-12-18,"23:45:00",0.462,0.064,244.48,1.8,0,3,0
2006-12-18,"23:46:00",2.0522,0.054,244.43,1.8,0,4,0
2006-12-18,"23:47:00",1.99985,0.062,244.16,1.8,0,3,0
2006-12-18,"23:48:00",0.534,0.172,244.55,2.4,0,3,0
2006-12-18,"23:49:00",0.57,0.206,244.91,2.4,0,4,0
2006-12-18,"23:50:00",1.8825,0.2,245.12,2,0,1,0
2006-12-18,"23:51:00",1.8428,0.266,245.21,2,0,2,0
2006-12-18,"23:52:00",0.442,0.266,244.93,2,0,2,0
2006-12-18,"23:53:00",1.7539,0.262,244.19,2.2,0,1,0
2006-12-18,"23:54:00",0.426,0.25,242.79,2,0,2,0
2006-12-18,"23:55:00",0.44,0.246,241.45,2,0,2,0
2006-12-18,"23:56:00",1.62695,0.242,241.32,2,0,1,0
2006-12-18,"23:57:00",0.436,0.244,240.86,2,0,2,0
2006-12-18,"23:58:00",1.5529,0.242,241.13,2,0,1,0
2006-12-18,"23:59:00",1.50715,0.248,241.27,2,0,2,0
